// Dataset for sha

int size = 1000;

BYTE src [] = {
  86,
  75,
  85,
  85,
  88,
  70,
  73,
  84,
  72,
  79,
  77,
  81,
  74,
  78,
  89,
  88,
  81,
  83,
  68,
  80,
  65,
  71,
  68,
  85,
  69,
  75,
  68,
  67,
  90,
  70,
  78,
  86,
  80,
  72,
  81,
  78,
  77,
  90,
  72,
  85,
  78,
  85,
  75,
  88,
  72,
  74,
  86,
  88,
  66,
  89,
  78,
  67,
  69,
  82,
  88,
  74,
  66,
  65,
  76,
  66,
  71,
  90,
  88,
  87,
  71,
  79,
  74,
  84,
  78,
  82,
  78,
  66,
  76,
  89,
  89,
  83,
  72,
  84,
  81,
  74,
  82,
  69,
  76,
  87,
  86,
  73,
  70,
  88,
  74,
  82,
  89,
  80,
  82,
  87,
  76,
  89,
  75,
  86,
  82,
  88,
  77,
  70,
  89,
  88,
  68,
  87,
  81,
  76,
  81,
  72,
  85,
  72,
  76,
  70,
  69,
  72,
  79,
  75,
  69,
  88,
  67,
  68,
  77,
  84,
  90,
  89,
  82,
  74,
  84,
  74,
  72,
  71,
  80,
  71,
  68,
  84,
  68,
  85,
  69,
  84,
  66,
  89,
  66,
  78,
  69,
  71,
  85,
  84,
  82,
  90,
  81,
  84,
  67,
  68,
  78,
  67,
  66,
  70,
  76,
  86,
  79,
  84,
  66,
  69,
  90,
  70,
  88,
  68,
  90,
  66,
  87,
  66,
  65,
  88,
  80,
  69,
  69,
  75,
  88,
  86,
  74,
  79,
  80,
  76,
  82,
  67,
  78,
  84,
  72,
  90,
  80,
  87,
  84,
  81,
  65,
  84,
  86,
  89,
  87,
  86,
  90,
  84,
  88,
  90,
  82,
  77,
  69,
  86,
  88,
  67,
  81,
  71,
  81,
  70,
  83,
  73,
  73,
  71,
  66,
  81,
  70,
  81,
  78,
  90,
  72,
  79,
  83,
  67,
  77,
  80,
  89,
  76,
  73,
  87,
  76,
  65,
  73,
  80,
  86,
  71,
  82,
  77,
  77,
  72,
  83,
  69,
  81,
  66,
  75,
  83,
  82,
  81,
  74,
  69,
  80,
  81,
  83,
  73,
  84,
  70,
  88,
  82,
  81,
  71,
  78,
  67,
  71,
  87,
  82,
  67,
  67,
  74,
  79,
  80,
  82,
  72,
  85,
  72,
  73,
  69,
  90,
  65,
  86,
  73,
  69,
  76,
  89,
  88,
  84,
  83,
  68,
  82,
  74,
  85,
  89,
  88,
  87,
  70,
  85,
  79,
  72,
  88,
  88,
  87,
  77,
  79,
  69,
  72,
  87,
  77,
  77,
  87,
  77,
  72,
  69,
  82,
  83,
  68,
  80,
  77,
  86,
  83,
  69,
  70,
  77,
  68,
  68,
  74,
  73,
  89,
  88,
  81,
  86,
  86,
  77,
  73,
  75,
  82,
  80,
  71,
  68,
  66,
  67,
  81,
  74,
  72,
  73,
  67,
  76,
  89,
  80,
  71,
  82,
  84,
  77,
  69,
  87,
  81,
  78,
  70,
  79,
  76,
  86,
  75,
  71,
  73,
  83,
  81,
  90,
  73,
  88,
  68,
  75,
  65,
  85,
  85,
  72,
  67,
  87,
  83,
  66,
  76,
  90,
  83,
  70,
  77,
  87,
  67,
  67,
  74,
  72,
  82,
  86,
  68,
  66,
  66,
  76,
  85,
  82,
  76,
  68,
  80,
  80,
  78,
  80,
  74,
  72,
  88,
  77,
  69,
  80,
  78,
  81,
  80,
  71,
  86,
  66,
  67,
  89,
  69,
  77,
  70,
  86,
  72,
  74,
  87,
  73,
  86,
  82,
  65,
  71,
  85,
  81,
  86,
  73,
  70,
  70,
  80,
  67,
  82,
  85,
  83,
  70,
  75,
  73,
  76,
  71,
  75,
  78,
  69,
  79,
  65,
  74,
  74,
  72,
  84,
  71,
  81,
  79,
  88,
  82,
  86,
  83,
  73,
  81,
  65,
  78,
  86,
  81,
  81,
  78,
  75,
  74,
  83,
  85,
  82,
  68,
  65,
  66,
  82,
  69,
  81,
  83,
  79,
  65,
  65,
  72,
  71,
  82,
  87,
  69,
  73,
  82,
  87,
  81,
  73,
  88,
  69,
  69,
  78,
  86,
  82,
  88,
  69,
  75,
  83,
  87,
  79,
  84,
  89,
  71,
  89,
  79,
  89,
  77,
  79,
  89,
  85,
  86,
  80,
  82,
  90,
  89,
  73,
  87,
  80,
  81,
  84,
  85,
  85,
  71,
  80,
  77,
  69,
  85,
  87,
  87,
  82,
  75,
  80,
  80,
  81,
  79,
  68,
  80,
  65,
  83,
  78,
  86,
  78,
  67,
  77,
  78,
  66,
  86,
  75,
  81,
  76,
  68,
  75,
  71,
  75,
  65,
  83,
  79,
  86,
  80,
  76,
  77,
  90,
  66,
  66,
  81,
  80,
  70,
  70,
  81,
  89,
  84,
  77,
  76,
  87,
  89,
  89,
  88,
  84,
  73,
  78,
  70,
  77,
  89,
  77,
  87,
  90,
  69,
  76,
  85,
  84,
  88,
  71,
  84,
  90,
  73,
  75,
  79,
  79,
  81,
  69,
  77,
  74,
  82,
  88,
  70,
  80,
  87,
  67,
  74,
  70,
  81,
  80,
  82,
  80,
  66,
  79,
  79,
  71,
  65,
  73,
  65,
  89,
  80,
  85,
  88,
  89,
  69,
  76,
  77,
  85,
  81,
  90,
  69,
  72,
  87,
  74,
  88,
  84,
  77,
  72,
  89,
  68,
  87,
  81,
  83,
  89,
  69,
  72,
  69,
  70,
  81,
  69,
  68,
  70,
  89,
  65,
  69,
  68,
  77,
  81,
  88,
  67,
  80,
  66,
  75,
  77,
  76,
  72,
  71,
  88,
  79,
  69,
  65,
  76,
  86,
  84,
  74,
  90,
  65,
  78,
  70,
  82,
  83,
  73,
  88,
  81,
  73,
  66,
  84,
  85,
  83,
  82,
  88,
  73,
  84,
  72,
  86,
  69,
  80,
  66,
  67,
  69,
  71,
  68,
  80,
  66,
  88,
  89,
  66,
  89,
  77,
  71,
  80,
  69,
  80,
  77,
  86,
  89,
  78,
  80,
  83,
  70,
  71,
  81,
  78,
  65,
  89,
  74,
  70,
  78,
  75,
  72,
  82,
  81,
  76,
  71,
  83,
  73,
  70,
  84,
  71,
  82,
  65,
  86,
  87,
  80,
  73,
  82,
  78,
  87,
  71,
  71,
  66,
  78,
  88,
  80,
  78,
  86,
  89,
  84,
  73,
  74,
  66,
  65,
  65,
  77,
  72,
  83,
  86,
  78,
  77,
  67,
  69,
  77,
  89,
  66,
  67,
  71,
  83,
  80,
  67,
  90,
  87,
  69,
  77,
  84,
  85,
  65,
  80,
  84,
  84,
  88,
  67,
  85,
  89,
  67,
  72,
  71,
  86,
  67,
  84,
  72,
  69,
  89,
  84,
  67,
  90,
  86,
  73,
  83,
  76,
  76,
  82,
  73,
  80,
  68,
  67,
  74,
  68,
  82,
  67,
  87,
  80,
  70,
  82,
  78,
  73,
  89,
  84,
  68,
  65,
  78,
  75,
  70,
  76,
  69,
  73,
  76,
  65,
  81,
  68,
  77,
  67,
  85,
  85,
  82,
  88,
  87,
  66,
  66,
  78,
  69,
  89,
  67,
  75,
  80,
  81,
  83,
  79,
  75,
  86,
  80,
  88,
  70,
  85,
  74,
  74,
  67,
  86,
  75,
  84,
  89,
  87,
  86,
  83,
  81,
  78,
  81,
  78,
  80,
  82,
  65,
  84,
  80,
  68,
  68,
  70,
  85,
  86,
  84,
  69,
  82,
  73,
  67,
  88,
  67,
  77,
  72,
  70,
  72,
  82,
  89,
  70,
  78,
  85,
  89,
  68,
  72,
  79,
  81,
  87,
  71,
  82,
  81,
  86,
  86,
  85,
  65,
  80,
  81,
  84,
  85,
  72,
  66,
  87,
  69,
  69,
  74,
  76,
  74,
  81,
  67,
  73,
  87,
  80,
  67,
  85,
  84,
  75,
  74,
  75,
  72,
  80,
  66,
  88,
  76,
  87,
  82,
  76,
  77,
  72,
  70,
  71,
  79,
  72,
  68,
  84,
  77,
  77,
  70,
  87,
  68,
  72,
  69,
  65,
  88,
  72,
  86,
  81,
  82,
  69,
  66,
  89,
  85,
  67,
  87,
  70,
  90,
  78,
  82,
  77,
  86,
  88,
  83,
  75,
  70,
  86,
  69,
  82,
  73,
  74,
  78,
};

LONG ref [] = {
  2884865958,
  4089177920,
  1049641018,
  4012315692,
  97758531,
};
