int ex_len = 1000;
int c_len = 4;
int f_len = 9;

//float ex[] __attribute__ ((aligned (32))) = {
float ex[] = {
 0.469653, -0.580119, 1.059972, -1.181778, -1.176553, 0.272544, -1.706042, 0.630301, -1.356503, 
 1.360732, -0.785490, -1.946507, 0.821778, -0.911567, -0.981560, 0.557828, 1.061429, 1.476834, 
 -1.912594, 1.701399, 0.050528, -1.000925, 0.904075, 1.905932, -0.621131, 0.535176, 1.168208, 
 -1.655174, -0.281825, 0.672141, 0.567820, 0.929791, -0.420958, -0.302933, 0.562076, -0.001801, 
 0.655057, 0.936896, 0.472967, -0.290110, -0.930740, -1.884500, 0.607369, 0.997267, -1.598956, 
 -1.635717, 0.488794, -0.920713, -0.416887, 0.012916, 1.639499, -0.678665, 0.275385, 1.197891, 
 -1.897700, 1.143453, -0.853224, -1.235330, 0.855917, 1.965966, 0.274689, 1.904001, 0.798967, 
 -1.129384, -1.777262, -1.274940, 0.792011, -0.844028, 0.980395, 1.043832, -0.721132, -1.611625, 
 1.954972, -1.211527, -1.766698, -1.603884, 1.959235, -0.715131, 0.316543, -0.043311, 0.615427, 
 0.179276, 1.036574, -1.877136, 0.041229, 1.565228, -1.382536, 1.215016, 1.158253, 0.847231, 
 -0.974935, -0.901115, -1.429731, -0.072348, 1.746632, 0.889735, 0.174169, 1.716436, -0.913402, 
 1.549227, 1.342467, -1.367896, 0.688678, 1.280532, 0.058456, 1.437697, -0.866430, -1.511291, 
 -1.721465, -0.714582, 1.798904, 1.191088, -1.972386, -1.704107, 0.401891, 1.105421, -1.677525, 
 0.785224, 1.418500, -0.257642, -1.088600, 1.791552, 1.089099, 1.091155, 0.347668, 0.053370, 
 -0.141231, -1.021026, 1.717323, -0.658560, 1.067748, 0.817052, 1.699177, 1.025772, -0.904176, 
 -1.638168, 0.230564, 1.744556, 0.808318, -0.788392, -1.895788, -0.629828, 0.862338, 0.133636, 
 0.797461, 1.264187, 1.117333, 0.254564, 0.515286, 1.248721, -1.298205, 0.087893, 0.531133, 
 -0.792490, -0.781525, 0.994233, 0.737799, -1.425430, 1.793602, 0.245948, 0.215951, -1.803049, 
 1.411142, -1.627794, 1.975044, -0.969011, 1.437358, 0.724910, -0.790140, -1.097017, -1.930304, 
 1.889719, 1.790843, -0.201715, 1.297913, -0.436346, -1.532660, 0.590753, -0.014199, 0.326970, 
 -1.274484, 1.837030, -1.173182, -0.375258, -0.277392, 0.147197, -0.638444, 0.116614, -1.297019, 
 1.643069, -0.719661, 1.418352, 1.219346, 0.896601, 1.621369, -1.558371, 1.590584, 0.774050, 
 -0.019666, 0.790109, -1.739982, -1.377333, -1.429052, -0.011574, -1.483829, 1.316158, -1.773720, 
 0.624886, 1.698799, 0.317871, 0.130397, 1.430244, 1.565828, -0.826403, -0.060118, 0.925189, 
 0.213941, -1.540900, 0.151264, 1.354911, -1.234325, 0.426941, -1.797292, -0.681056, 0.424814, 
 0.777918, 1.102500, 1.055663, 1.776861, -0.075038, 0.497239, -0.291014, 0.101802, 1.438113, 
 -0.731723, -0.191131, 1.425250, -1.764574, -1.921076, 0.689255, 1.756036, -1.676188, 1.984558, 
 -0.376348, 0.190932, 0.502146, -0.394300, -0.988194, 1.464704, 1.379908, -1.416894, 0.223975, 
 -1.277962, -0.140416, 0.836842, -1.317274, -0.497665, -0.368778, -1.577948, -0.653129, -0.663383, 
 -1.070934, 0.521648, -0.152042, -1.206608, 0.981613, 0.350744, -0.366582, 1.886843, -0.735601, 
 -1.969858, -0.937881, 1.344439, 0.900787, 1.972118, -0.687512, 0.234074, -0.224906, -1.834374, 
 -1.124700, 0.986375, 0.574610, 1.186707, -1.594185, -1.308584, -0.314951, 0.738827, 1.585008, 
 0.641078, 1.391728, 1.089092, -0.706875, -1.996029, -0.344795, -0.623681, 1.241247, -1.186547, 
 -1.747623, -0.206581, -1.393584, 0.262634, 1.541511, 1.702480, 1.175443, 1.631864, 1.429169, 
 0.532320, 1.812999, 0.928026, 1.825897, -0.772519, 0.287086, -1.099092, -0.494659, -0.169615, 
 -1.904014, 0.603814, -1.187559, 0.719366, 0.152475, -1.353447, 0.663477, -0.507703, 1.957068, 
 -1.965882, -1.246157, 0.759407, -1.511308, -1.017980, 1.378156, 1.265715, -1.015679, 1.161865, 
 1.698858, -0.325717, 0.071000, 0.218255, 0.028535, 0.618136, -0.812460, -0.567424, 0.960532, 
 1.550484, 1.520558, 1.311444, 1.987267, -1.141692, -0.160018, -0.788369, 1.012322, -0.435232, 
 -1.837907, -1.073796, 0.212590, -0.089824, 0.622618, 1.959450, 0.673182, -1.974691, 1.079278, 
 1.574700, 0.687242, -1.336087, -0.543504, -0.760243, 0.444624, -1.649339, 1.045037, -0.248497, 
 1.325803, -1.779373, 0.846870, -1.617083, 1.269407, -1.415258, -0.674154, 1.766897, 0.164675, 
 0.971624, 1.471563, -1.094945, -1.110790, 0.685334, 0.386770, -1.008421, 0.288826, -0.646301, 
 0.659168, -1.874353, -1.254307, 1.168044, 1.327175, -1.632598, -1.793705, 0.906770, 0.490817, 
 -1.610718, 0.132438, -0.173251, 1.648978, -1.797413, 0.115546, 1.935467, -0.092890, 1.742233, 
 1.843289, 1.086032, 0.428044, 1.850420, -0.609556, 1.160541, 1.572813, 0.731502, -1.652144, 
 1.820144, -0.595474, 0.608855, -0.001028, 0.669525, -1.161890, 1.019379, -0.801260, 1.944154, 
 0.509822, 1.740640, 0.750586, -1.265085, -0.120244, -0.288455, -0.308825, 0.059155, 1.188522, 
 0.637243, -1.771776, 1.490602, 1.776307, 0.561815, -1.274212, -1.577979, -1.125855, 1.597166, 
 0.845932, -1.829276, 0.514051, -1.303339, -0.786657, -0.463609, -1.182646, -0.555338, 1.622796, 
 -0.835261, 0.304550, 0.287152, 0.564848, -1.449216, -1.545443, -0.962704, -0.892341, -1.502305, 
 -0.192200, -1.589800, -0.196055, 1.354441, 0.683966, -0.037768, 1.916822, -0.434217, -0.744500, 
 -0.557260, 1.725568, -1.356629, 1.012260, -0.051291, 0.924835, -0.055151, -0.130094, -1.988022, 
 1.805486, 0.162794, 1.123785, -0.534525, -1.266118, 1.842913, -1.006825, 0.725971, 1.398154, 
 1.104728, 1.234348, 0.783693, -0.027296, -1.131717, 1.393543, -1.573397, 1.364334, 1.670911, 
 -0.779488, -0.627468, 1.760530, 0.238495, 0.631458, -1.338723, -1.502389, -1.539909, 1.294617, 
 0.075613, 1.973523, 0.289775, 0.994579, -1.209897, -1.806306, -1.346233, -0.298566, 0.549359, 
 0.513566, 0.148013, -0.692583, 1.387088, -1.081860, -1.478361, -0.665300, 0.748931, -0.662648, 
 1.859595, -0.489512, -1.032320, -0.674259, -1.814718, -0.145748, 0.783959, -1.264140, -1.030315, 
 -1.516851, 0.735450, 1.621039, -1.541015, 0.292049, -0.688681, 1.865979, -0.927341, 0.854467, 
 0.464488, 0.157270, 1.205595, 1.138256, 0.949087, 1.857368, 0.642476, -0.621266, -1.389023, 
 1.312359, -0.456946, -1.179850, 1.637433, 1.686995, 0.391615, -1.293614, -0.497394, 0.260204, 
 -1.350310, -0.062805, 0.996298, 1.212247, -1.879653, 1.757122, 1.145769, 0.496932, 0.090995, 
 -1.674949, -1.638052, -1.056366, 0.623748, 1.060239, -0.935900, 1.370442, 0.238330, -1.775700, 
 1.817926, 1.556757, -0.819596, 1.175177, 1.706569, -0.905810, 1.130787, 0.811971, -0.382852, 
 -0.968443, -0.576799, -1.832539, 0.168499, 1.877547, -1.591312, 1.038521, 0.184452, -0.948779, 
 -1.706876, -1.628993, 0.245700, -0.591098, -0.185191, -1.269496, 0.622497, 1.323434, 1.072461, 
 -1.034375, 0.625478, -1.643694, -1.796454, 0.190658, 0.260640, -0.374730, -0.801445, 1.299604, 
 0.867068, 0.913981, 1.179546, -1.762112, -0.102939, -0.529967, 0.214398, -0.664742, -0.651396, 
 1.966855, -1.333578, -1.521004, -1.526282, -1.228378, -1.352488, -0.740882, -0.194341, 0.832211, 
 0.842061, -1.722549, 1.548473, 0.977898, 1.182070, -0.817552, 0.976441, -1.961259, 0.894863, 
 1.024182, 0.338422, -0.052257, 1.971684, -1.215395, -1.559396, 0.266951, 0.385196, 0.862346, 
 1.246844, -0.207609, 0.892351, 0.018437, 1.095520, 1.943065, -0.743540, 0.405368, -1.131072, 
 1.166192, -1.443763, 1.612047, -0.395037, 0.145387, 0.843012, -1.170358, -1.699183, 1.653479, 
 0.082124, -0.473622, -1.076930, 1.657081, 1.080194, 1.761372, -1.294688, 0.163797, 1.919182, 
 -1.935202, 0.029214, 0.744595, 0.389359, -1.431323, -1.996672, -1.654610, -1.447700, -1.619833, 
 -1.255022, 0.802341, -1.415605, -1.463292, -1.495819, 0.717267, 1.199606, -0.879649, 1.746563, 
 1.776719, -0.144817, 0.191723, 1.611491, 1.068346, 1.394098, -1.161092, -1.698309, 0.742176, 
 -0.101327, -1.180547, 0.006197, -1.670742, -1.990208, 0.203229, 0.591018, -0.813352, 0.639661, 
 0.109889, 1.571429, -1.451180, -0.177418, 0.010992, 1.815251, -0.492110, -0.439393, 0.495037, 
 -0.807488, -0.049534, 1.918245, 1.472717, 0.599580, 0.698510, -0.877658, 1.168962, -1.888148, 
 -1.838722, -1.672245, 0.807905, 1.352583, 1.396679, 0.443911, 1.418772, -1.327371, 0.342135, 
 -0.364561, 1.596657, -0.555653, -0.629912, 1.170254, -0.605613, -1.237830, -1.559375, -1.983433, 
 -0.767577, -0.217149, 1.233246, 1.294440, -0.130248, -0.131168, -0.409814, 1.137514, -1.523313, 
 1.495603, -1.383074, -0.196217, -0.464018, -1.182842, -1.128609, 0.498862, -0.826347, 0.886374, 
 1.133389, 0.187104, 0.070075, -0.376030, -0.769378, 1.696631, 1.140813, 0.445879, -1.779104, 
 -0.084641, -1.300909, 1.259629, 1.190903, 1.628410, 0.526044, -1.266969, 1.637145, -1.204601, 
 -0.061129, 1.222145, 0.993861, 1.108350, -1.889822, -1.776171, -0.601265, 0.194950, -0.392212, 
 1.399473, -0.923882, -1.660446, -0.073951, 1.382327, -0.960274, -0.791035, 1.253310, 0.745360, 
 1.480334, -1.766197, 1.718690, 0.471650, -1.039318, -1.383270, 0.038663, -1.669143, -1.480447, 
 -0.982949, 1.696290, 0.162961, 0.155567, 0.399585, -0.397217, -0.144428, 1.921854, -1.557800, 
 -0.325172, 0.684068, 1.554053, -1.733425, 0.132175, 1.698347, -1.561902, 1.941097, 1.537252, 
 -0.424168, -0.935036, -0.950282, -0.157689, -1.153389, 1.601188, 1.563231, 0.538798, -1.012930, 
 0.428525, 1.379424, -1.786259, 0.508168, 0.750605, 1.431095, 1.027692, 0.887795, 1.603849, 
 -0.812111, 0.230346, -0.850185, 0.686485, 1.946207, 1.207556, -1.236940, 1.691133, 1.035707, 
 1.567181, 0.355633, 0.964618, -0.472856, 0.135284, 0.690613, 0.717258, 1.594263, 1.916314, 
 -0.720709, 1.365638, -1.418780, -0.702739, -0.946422, -0.811791, 1.100910, -1.395936, -1.094893, 
 0.022017, -1.148856, 0.232141, -1.931374, -1.881266, 1.694243, -0.037172, -1.225086, 0.787601, 
 -0.533302, -1.988737, -1.397632, -1.689387, 1.711374, -1.047006, -1.086501, -1.627018, 0.067308, 
 0.434276, -0.101876, 0.338680, 1.862732, -0.601837, 0.646033, 0.309614, 0.278546, -1.127087, 
 1.355418, 0.202601, -1.947503, 0.250935, 0.913696, 1.011475, -0.617624, 0.495480, 0.182881, 
 0.915237, 0.937817, 1.520011, -0.433875, -1.109828, -1.593514, -0.799101, -0.478091, -0.403133, 
 -0.329180, -1.077063, 0.994887, 1.514297, 0.724538, -0.247425, 1.669746, -0.583107, 0.750983, 
 0.288306, 0.637752, -1.249608, -0.026173, -0.389601, 1.850054, 1.130513, -1.613165, -1.179332, 
 -1.457252, -1.939923, 1.948459, -1.932687, 0.592269, -0.217439, -1.629096, 0.062274, 1.248988, 
 1.029814, 0.092704, 0.796955, -1.324096, 0.590745, 1.152949, -1.613287, 0.239946, 0.685961, 
 0.155064, -0.055484, -1.473118, 1.293107, 1.390714, 0.801933, -1.874894, 0.016305, 1.841694, 
 -1.516874, 0.513138, -0.803521, 1.889253, -0.531888, 0.591594, 0.413515, -0.989169, -1.175522, 
 0.052820, -1.668611, -1.858738, 1.058815, -1.311860, -1.438682, 1.306461, 1.441376, -0.528682, 
 -0.581922, -1.300388, 0.091538, 1.578211, -0.050903, -1.065304, -0.421857, -1.335944, -0.912736, 
 -1.956551, -1.329802, 1.786303, 0.719740, -1.824239, 0.101890, -1.484853, -0.678698, 1.377622, 
 1.132487, 1.602695, -1.190172, 0.947025, 0.026291, -0.509624, -1.520644, -1.039191, -0.162081, 
 -1.261688, -1.458738, -1.311733, 0.306953, 1.825254, 0.395531, -1.718155, 0.106061, 1.016626, 
 -1.040842, 0.502359, 0.958107, -1.540087, -1.070839, 1.972346, 0.320593, -1.869990, -1.412792, 
 -0.488280, 0.359132, -0.971396, 1.504683, 1.969868, -1.382511, -1.212320, 1.114817, -0.541750, 
 -0.943713, 1.190900, -0.609415, -0.936825, 1.892053, -0.281090, 1.270634, 1.139841, -1.899966, 
 -0.210142, 1.964486, -0.723293, 1.102430, 1.361901, 1.083748, 1.981321, 0.443443, -0.617732, 
 0.645990, 0.850539, -0.102184, 1.098342, 0.181512, 0.375550, -0.416158, 1.355567, -1.762192, 
 0.258048, -0.105691, -1.605957, 1.625393, 0.463964, 1.684238, -0.037427, 0.019060, 0.780979, 
 1.169448, -0.374092, -0.221544, 1.448306, -0.551046, -0.047383, -0.826623, -0.178167, -0.752962, 
 0.689249, -0.901998, 0.223102, -1.642064, 1.806072, -1.509234, 0.974578, -0.440120, -0.442841, 
 -0.546665, 0.164516, -0.459131, 0.152401, 0.535761, -1.306677, 1.170198, -0.534122, 1.076464, 
 -0.384914, -0.947579, 0.664195, -1.008853, 1.161249, -0.977780, -1.502323, 0.500060, -0.664387, 
 1.234259, 1.928941, -0.859571, -0.576035, -1.771291, 0.893283, 0.196855, -1.506474, -0.434658, 
 1.195588, 0.817660, -1.505820, 0.892472, 0.028937, -1.810297, 1.973116, 1.641304, 0.331986, 
 1.786433, 1.554274, -1.438330, -0.358681, -0.992265, -0.705354, 1.110776, -0.245047, -1.198084, 
 -0.040083, 0.579800, 0.453152, -0.875133, 1.357967, -0.637015, -1.701696, 0.206882, -1.378258, 
 -0.483143, 1.583093, 0.727763, -0.445764, -0.609658, -1.047142, -1.283336, 1.845679, 1.114564, 
 -1.409616, -0.049185, -0.900873, 1.990759, 0.422031, -1.763673, -0.768682, 1.529814, -1.501316, 
 -1.374909, -0.069572, -1.343080, -1.095355, 0.411241, 1.441173, 0.715430, -0.210404, -0.539343, 
 0.736927, 0.653864, 0.017936, 0.368808, -0.981132, -1.663275, -0.320190, -1.859261, -0.344794, 
 -0.201856, 1.147221, -1.009916, -0.666618, -0.057071, -0.683213, 0.753070, -0.810770, -0.066333, 
 0.152059, 1.709862, -1.372438, 1.955085, -0.831985, 1.752062, -1.694399, 0.868188, 0.226139, 
 -1.559931, -1.302811, -1.898746, 1.137948, 0.899133, -1.041894, 0.018220, -0.380342, 1.815794, 
 0.036998, 0.004408, 0.055748, 0.063871, -0.173916, -1.407457, -1.448018, -0.260029, -1.814767, 
 0.727790, 0.292956, 1.527791, 0.852559, -0.463738, -1.346633, -0.509457, 1.731291, 1.535763, 
 -0.282703, 1.150629, -0.022664, 1.584544, 1.114837, -0.614068, 1.704645, 1.135269, 1.278224, 
 -0.685213, 1.184874, 0.527674, 0.605122, 0.483296, 0.351676, 0.334389, 0.576502, 0.294981, 
 0.741263, -1.326053, 1.769748, 1.592822, 0.033392, 0.806353, 0.118842, -0.141197, 0.073075, 
 -1.269091, -1.330478, 0.727456, -1.431696, -0.968340, 1.124151, 0.524159, -1.419532, 1.251480, 
 -0.926230, -1.329762, -0.788367, -1.892063, 1.882874, -0.337692, -0.835360, -1.005441, -1.759598, 
 -0.861954, 1.331400, 0.714415, 0.847371, 1.277386, -0.689125, -0.592294, 1.434680, 1.837010, 
 0.940200, -0.645420, 1.834856, -0.572080, -1.601275, -1.524905, -1.516601, 1.691124, -0.606017, 
 -0.819162, -0.201617, -0.011788, 0.796843, -1.916878, 0.074911, 1.647629, -0.130621, -0.342872, 
 -1.767211, -1.037943, -1.928990, -1.567611, -1.156119, 1.086030, -0.615113, 0.220531, -0.170965, 
 0.931288, 1.107263, -1.560492, -0.868280, -1.297163, -0.694128, 1.452425, -1.029400, 0.656096, 
 0.986924, 0.746637, 0.808849, -1.148345, -1.176339, -1.840675, 0.391913, 0.613601, -1.005965, 
 1.080137, 1.107111, -0.832633, 0.651551, -0.230668, 0.851358, 1.702158, 1.349644, 1.253084, 
 -0.251993, 1.958365, 1.184727, -1.190405, -1.137574, -0.217811, 0.635685, 1.235554, 1.884768, 
 -1.296154, -0.279591, -0.388901, -0.815055, -1.155390, -0.367725, -0.315351, -0.774148, 0.560107, 
 1.310304, 0.208992, 0.789047, -1.650881, 1.767790, 1.920157, -1.875828, -1.372943, -1.573269, 
 1.476547, -1.327351, -1.478484, -1.661918, -0.335155, 0.353385, 1.791177, 1.150597, 0.804947, 
 -1.053301, 0.202872, 1.932268, 0.954862, -1.076773, 0.372634, 0.534602, -0.034813, 0.970887, 
 0.426057, -1.207125, 0.863754, 0.257777, 1.978069, -0.128304, -0.776110, 0.926385, -0.064396, 
 -1.054712, -1.694659, 0.761400, -0.049833, 0.815602, -1.915626, -1.146126, -1.571952, -1.133761, 
 1.417053, -1.541751, 1.324392, -0.257103, 0.074321, 1.205090, 1.537622, -0.270659, 1.153799, 
 -1.628330, -1.313154, -1.611718, 1.914199, 1.554457, 1.442017, -0.667578, -1.692738, 1.158551, 
 -1.478098, 1.818399, -1.525967, 0.560023, 1.932084, -1.619647, 0.182205, -1.043226, 1.970427, 
 0.498803, -0.424235, -1.978884, -1.274176, -1.458498, 1.485693, -1.925635, -0.800481, -0.269840, 
 0.644069, -1.155653, -0.968775, 1.073893, -0.920630, -1.410666, 1.168676, -1.023327, 0.820598, 
 -1.682478, -1.341887, 0.566363, -0.890150, -0.028548, -1.765090, -1.470724, 1.875859, -1.215307, 
 1.438742, -1.773051, 1.593982, -0.480481, -1.721430, -1.891107, 0.000568, 0.141207, -1.782399, 
 1.499848, -1.052395, -0.440653, 1.365752, -1.147496, 1.487391, -0.307018, -1.283559, -0.332752, 
 -0.731206, -1.796341, -0.932618, 0.490613, 0.519540, -0.886383, 0.395246, 0.068327, -0.710052, 
 -0.962372, 1.552817, -0.035643, 1.560997, 1.109400, 1.309073, 1.066730, 1.958480, -0.971661, 
 -1.079697, 1.830907, 1.391520, 1.572075, -1.451060, -0.690755, 0.408212, 1.896608, 1.460958, 
 -1.917420, 1.679001, -0.039722, -0.737640, -1.545006, 1.180427, -0.716765, -0.234597, -1.327689, 
 -0.292392, 1.429414, 0.877425, -0.660517, 0.025177, 1.685662, -1.677252, -1.094542, -0.542073, 
 0.190694, -1.433412, 0.272337, 0.395535, -0.441241, -0.267627, -0.804645, -0.089598, -1.232414, 
 -1.234357, -0.510587, -1.204004, 1.651515, 1.138601, -1.374725, 1.080077, -0.299258, 0.835889, 
 1.944796, 1.970007, -1.176540, 1.722543, -0.834313, 0.301465, 1.768911, 1.551889, 0.346552, 
 1.108966, -0.341505, -0.222350, -0.791637, 0.064041, 0.197601, -1.850237, 1.154666, 1.899310, 
 -1.527446, 1.746226, -1.121570, -0.239585, 0.263490, -1.567523, -1.415525, -1.700618, -1.884670, 
 1.592102, 0.247782, 0.010919, 1.088748, 0.693918, -0.430568, -1.075066, 0.397437, -0.650508, 
 -1.025580, 0.625245, 1.120707, -1.945278, 1.400208, 0.205646, -0.893344, -0.433347, 0.031832, 
 -1.594217, 1.950403, -0.816222, 0.401765, 1.965953, -1.209260, 1.481580, -1.564541, -1.486996, 
 1.790684, -0.043665, 1.504024, 0.479938, 0.619549, 1.093168, -1.129854, 0.247448, 0.338753, 
 1.455500, -1.568025, 1.830755, -0.054751, 0.762778, 1.295442, -1.015077, -1.407934, 1.207818, 
 -0.986703, -0.264732, -0.178646, -1.630757, -1.840265, 0.281611, 1.251677, -1.189816, -0.597219, 
 -0.676898, 0.774961, -1.510608, -0.773252, 1.103881, -0.982358, 1.457137, 1.128148, -1.384850, 
 -0.069794, -0.722680, -1.653971, 0.992749, -1.975251, 1.837969, 0.531436, -0.313579, 0.737810, 
 -1.520295, -0.841652, 0.912748, -1.530958, 1.674383, -1.881195, 0.727906, -0.843574, -0.983590, 
 1.361602, 0.351043, -0.717733, -0.875785, -0.546436, -1.526534, 0.082997, 0.996408, -0.735342, 
 -1.087900, 1.317939, -0.647593, -0.885493, -0.924697, -1.101346, -1.517021, 1.937543, -1.652809, 
 1.065985, -1.506283, 1.911204, -1.580233, 0.737057, 0.600753, -1.194383, 0.423135, -1.389026, 
 0.061598, -0.911806, 0.263884, -1.741043, -0.922378, -1.289437, 0.981352, 0.168426, 1.367700, 
 -1.144639, 0.494141, 0.928140, -1.026253, 0.201914, 0.439556, 0.276493, -1.664469, -1.414748, 
 -0.220806, 1.914111, 0.028222, 1.680725, 0.086354, -1.095517, 0.377960, -1.707064, -0.016789, 
 -1.549611, -1.724944, -1.703191, -0.406210, -0.562180, -0.352810, 1.497596, -0.009154, -0.196168, 
 1.911579, -1.388563, 1.402715, 0.487361, -0.452267, 0.683452, -0.461014, -1.771847, 0.965593, 
 -0.971587, -1.192513, 0.116401, -0.601762, 0.019887, 0.425875, 0.519184, -1.961549, -0.941548, 
 0.639157, -0.583870, 1.601159, -0.758612, -0.674199, -1.978705, 0.927603, 0.383667, -1.376054, 
 -1.055458, 1.666210, -1.156283, -1.512951, 0.924133, 0.329796, 0.020744, -0.577000, -0.361864, 
 -0.921302, -1.714777, 1.762339, 1.484707, -1.165611, -1.540477, 1.578528, -1.086567, -0.956282, 
 0.076538, -0.776032, 0.242251, 1.520950, -0.930907, 0.806072, 1.791775, 0.833292, 1.859040, 
 -0.622269, 0.981785, -0.776890, -1.484822, 1.973628, 0.428865, -1.340154, 1.661878, 1.187536, 
 -1.222659, -0.325227, -1.647483, 0.943339, -0.418112, -0.530476, 0.253199, 1.415684, 1.841669, 
 -0.570861, 1.797960, 1.697346, 0.586434, 1.859757, 1.521019, -1.067671, 1.887337, 0.504371, 
 -1.597134, 0.828896, 1.605360, -0.349556, 0.279653, -1.928100, -1.808097, -0.196083, -0.646882, 
 -0.976012, -1.542339, 1.686455, -0.056945, -0.013038, -1.254593, -0.804938, -1.048319, -1.307451, 
 -0.434575, 0.498810, 0.439804, 0.987578, 1.809193, -0.378178, -0.268683, -0.655124, -1.703199, 
 1.239621, 1.279856, -1.845435, -0.291013, -0.158928, -0.205096, -0.981895, -0.458483, -0.861277, 
 -0.647048, -1.066615, -1.426070, -0.117660, -0.218748, -1.906007, 1.534135, 0.635631, -0.327864, 
 1.571732, 0.128818, -1.267297, 1.329231, -0.883601, -1.735810, -1.637517, 1.677840, -0.832659, 
 -0.423560, 1.959516, -1.468781, -1.625031, 1.170387, 1.388667, 0.290069, 1.918810, 1.908855, 
 -0.556460, 0.134313, -1.519706, -1.542758, 0.296285, 1.521525, -0.285050, -0.673786, -1.402555, 
 -0.168421, -1.669297, -0.017951, 1.331139, -1.692728, -1.040022, -1.063834, 0.154818, -0.789255, 
 1.210685, 0.659201, 0.650534, -0.437043, 1.929009, -1.330606, 0.455463, -1.382699, -1.717897, 
 1.419731, -0.558094, -1.941556, 0.159485, -1.300283, -0.417846, -1.651035, 0.656700, -1.474318, 
 -0.245571, -0.205782, 0.280912, 1.879083, -0.586835, -0.934604, -0.226103, -1.574290, -0.710162, 
 0.908727, -0.688429, 1.001546, 1.441328, 0.906405, -1.378535, -0.248723, -1.234083, 0.492300, 
 -0.103018, 1.800554, -1.194707, -1.271186, -1.702160, -0.801726, -0.032870, -1.286855, 1.000993, 
 1.279858, 0.333080, 1.599430, 1.755981, -1.264774, 1.379221, 0.649514, -1.707563, -1.412601, 
 -1.495309, -0.619203, 0.122029, -1.474404, 1.195531, -0.829031, 1.970677, 1.136739, -1.655471, 
 -0.390731, 1.931075, 0.032962, 0.714157, -1.807643, 0.836770, -1.770628, -0.525740, 1.813521, 
 0.916531, 1.152059, -1.228353, 1.627448, -1.710908, -0.731073, -1.624219, -0.992422, -1.368379, 
 -1.667607, -0.289963, -0.846961, -1.920243, 1.487283, 1.914586, 0.901621, -0.920928, -0.996156, 
 -1.973553, -0.729871, -0.808354, -1.097767, 1.089247, -0.810830, 1.909569, 1.681394, 0.710103, 
 1.200959, -0.426194, -1.846874, 0.548763, 0.591200, 1.695442, -1.210988, 1.158013, 1.251654, 
 -0.200304, 0.430269, 1.502228, 1.227696, -1.008160, -0.426607, 1.292643, 1.698721, 1.872009, 
 -1.006583, 1.465115, -0.298153, -0.281128, 1.745924, -1.901267, -1.020402, -0.402280, -0.333032, 
 1.884002, -0.002413, 1.911432, 1.378930, -0.910999, 1.697672, -0.074234, 1.853368, 0.643851, 
 0.786873, 1.077115, 1.834586, -0.708914, -0.523708, 1.035641, 1.077539, 0.541797, 0.855192, 
 1.302842, 1.064099, 0.518434, -1.742173, 1.171226, -0.346392, 0.331649, 0.720850, 0.179619, 
 0.155192, -1.336734, -0.484070, 1.930533, 0.480516, -0.451207, 0.658641, -0.772176, -1.880925, 
 -0.120079, -1.365809, -0.089921, -0.106231, -1.251595, 1.955761, -1.227455, 0.094165, -1.657001, 
 0.586980, 0.198001, 1.162415, -1.554648, 0.517376, -1.871791, 1.146364, -0.579312, -1.017601, 
 0.620176, -0.291835, -0.804318, -1.048628, -1.552162, 0.005632, -0.152516, -0.596678, -1.855855, 
 1.990835, 0.031633, -0.084281, 1.988582, 0.688163, -1.465636, -0.151119, 0.089654, 1.426375, 
 -1.948768, 0.124417, 0.600176, 1.216705, 1.911807, 0.862990, 0.380235, -1.578480, 1.954257, 
 1.802994, -0.554986, 1.877814, -1.742176, -1.391429, -0.884243, 1.349203, 0.008172, -0.381412, 
 0.854187, 1.922649, -1.620445, -0.097148, -0.968877, 1.453610, -1.991036, -0.712522, 0.979716, 
 1.942955, -1.906565, -0.706215, 0.632108, 0.553786, -1.999684, 0.895486, 1.332972, 1.550227, 
 -1.761777, 1.716123, -0.571258, 0.103566, 0.523540, -1.610846, 1.398880, 1.390414, 1.282563, 
 -1.298846, 1.768244, -0.478741, 1.752316, 1.998828, -1.224002, -0.991031, 0.639658, -0.977674, 
 0.486797, -0.245117, -1.967323, 0.559453, -0.684952, 0.390445, 1.418926, -0.243967, -0.021355, 
 -0.973003, -0.692815, 1.112016, 0.585327, 0.389297, 0.460957, 0.733460, 0.971637, 1.106746, 
 -1.243382, 0.717142, -0.733652, -1.688782, 0.705254, 0.774224, 1.500116, -0.950804, -1.837990, 
 -0.997308, 0.784169, 1.018611, 0.725872, -1.131817, -1.764767, -1.538298, 0.246198, -0.842178, 
 0.995926, 1.760940, -1.722296, 0.471609, -1.437073, -0.501615, -1.399220, 1.100414, -0.427429, 
 -1.143490, 0.559741, 0.257669, 1.171904, -1.639011, -1.333981, -1.167179, -0.497021, -1.916398, 
 0.766895, -1.566762, 0.854296, 0.577827, 1.078830, 1.915419, -1.481288, -1.399215, -1.196074, 
 1.163722, 0.282815, 1.249909, -0.327059, 1.207102, -1.433502, -1.884060, 0.635104, -0.114607, 
 1.338445, 1.175221, -1.605069, -1.610261, -0.420707, -1.278982, -0.042916, 0.230665, -1.127463, 
 0.418713, 0.016799, 0.586691, 1.474182, 1.677086, 1.484003, -1.527069, 0.991386, 0.275237, 
 -0.638268, 0.971186, 1.233169, 0.146110, 1.324787, 1.418149, 1.606879, -1.743016, 1.176701, 
 1.271694, 0.571823, -1.221697, 0.128544, -1.089165, -0.487355, 0.623081, 0.892856, -1.827971, 
 -1.357441, 0.112008, 0.765263, -0.333225, -1.251849, 0.509958, 1.781936, -1.436831, 1.757808, 
 1.912967, 1.854944, -0.612120, 0.342333, -0.218295, -0.756335, 0.407936, -1.962464, -0.859314, 
 -0.729483, -1.524846, 1.527582, -1.586269, 1.271966, -1.058827, 0.893056, 0.816686, 1.749142, 
 1.009232, 0.464225, -1.068986, -1.504159, -1.319858, -1.226429, -1.710551, 1.849263, -0.153537, 
 -1.157586, 1.193752, 0.945711, 1.065711, 1.386805, -0.327260, -1.889569, 1.739532, 0.433160, 
 -0.698318, 1.795292, -0.851565, 1.692960, 1.585561, -0.267101, 0.168192, 1.816539, -0.344978, 
 1.535066, -0.477972, -0.288256, -1.886445, -0.112661, 1.591383, 0.885858, -1.433539, -1.826278, 
 0.460944, 0.894041, 1.314776, 1.638755, 0.485994, 0.192945, -1.159220, 1.572758, 1.668615, 
 1.466021, -0.852299, 1.611208, 1.995315, 0.764097, -0.372553, -1.833078, -0.117692, -0.144599, 
 0.681100, -0.157433, 0.402993, 1.598618, 1.729141, 0.163472, 0.122477, 1.063459, -0.859201, 
 -1.789977, 0.322251, 0.479569, 0.276741, 1.079087, 0.769318, 1.914576, 1.950195, 0.408513, 
 -0.366668, -0.147650, -1.060071, -1.125504, 1.481851, 0.303460, -0.201488, 1.802914, 0.033340, 
 -1.151542, -0.609947, -1.045648, 0.243137, 1.352612, 0.694555, -0.527083, 0.929382, -0.805223, 
 -1.415728, 1.895561, 1.074725, -1.012490, -0.529310, 1.590482, 0.202620, 0.830180, -1.014531, 
 1.964154, -0.619876, -1.346202, -1.387566, 1.929688, 1.573797, 1.428879, -0.498218, -1.967789, 
 0.800280, 1.570427, 1.797765, 0.596784, 1.612513, -1.838081, -1.152193, -1.200366, 1.751606, 
 0.160814, 0.390001, -1.706332, -0.899876, 0.938167, 0.437981, -0.965695, 1.305013, 1.895536, 
 -0.154083, -1.492726, -0.508049, -0.018424, 1.611588, -1.157391, 1.554185, -0.703828, -1.846217, 
 -0.608498, 0.686776, 1.417961, -0.183030, -1.678454, 0.450934, 0.103832, -0.772954, -1.927628, 
 -1.853487, 1.570947, 0.127076, 1.622619, -0.565692, 0.685183, 0.468921, 0.317897, -1.325173, 
 -0.531534, -1.858236, 1.397556, -1.143863, 0.131808, -1.666931, -0.779258, -0.880799, 1.423073, 
 1.785267, -0.001537, 1.099763, 0.006399, 0.107428, -0.678408, -1.619513, -1.043377, -0.434435, 
 -0.557250, -0.723839, -0.770393, -1.633298, -1.822599, -0.650653, -0.108417, 0.476976, -0.547185, 
 -0.529315, -0.866779, 1.327109, -1.243038, -1.321407, -0.354617, 0.643099, -0.545401, 1.965784, 
 -0.169272, 0.916760, 1.878379, -0.356313, 1.741198, 0.021353, -1.605690, 0.712746, 1.738455, 
 0.915684, 0.179639, 1.032321, -0.462789, -0.497479, 1.021138, -1.887256, -0.204935, -1.982307, 
 0.715585, -0.150732, 1.865619, -0.086553, 0.924020, -0.692630, 0.665627, -0.999659, 0.653328, 
 1.996241, 1.109984, -1.091149, -1.910414, 0.276331, -1.347671, 0.159756, -0.589430, 0.613504, 
 1.286098, 1.751042, -1.594201, 0.675631, -0.886932, -1.956100, -1.490712, 0.335636, 1.496987, 
 0.887021, 0.397580, -0.838108, -0.565393, -0.923131, 1.363757, -1.016574, -1.322528, 0.457850, 
 0.959797, -0.527912, 0.143769, 1.851568, -1.785703, -0.779951, -0.462296, -1.873581, 1.866545, 
 -1.889435, 1.500165, 1.470394, -1.306063, -0.428380, 0.386854, 0.313585, -1.393502, 0.231208, 
 -0.094155, 1.829011, -1.846063, 0.468034, 1.274080, -1.189589, -1.505722, 1.674621, 1.177816, 
 -0.536876, -1.170668, -0.445881, 0.934469, 1.433041, 1.609012, -1.279455, -0.055869, -0.039198, 
 -1.606924, -1.762854, -1.925674, -1.512291, -1.444986, 0.666283, -0.271772, -1.741642, 0.309271, 
 -1.586913, -1.230320, 0.383639, -0.872998, -1.353949, 1.718145, 0.196788, 1.430131, 0.601629, 
 -1.174118, 1.972762, 1.673274, 1.036725, 0.701534, 0.198623, -1.940956, 1.225542, 0.226775, 
 -0.708124, 1.775330, 0.120245, -1.902122, -0.221223, 0.791954, -1.201655, -0.429052, -0.713081, 
 -1.766033, 1.589417, 0.404015, 0.715781, -0.907568, -1.778186, 1.471909, -0.965352, -1.306576, 
 -0.571159, 0.402016, -0.533873, 1.888379, -1.348350, -0.369527, -1.306553, -0.505692, 0.969571, 
 1.486153, 0.457790, 0.345151, -0.867108, 0.781288, 0.226279, -0.865502, 0.729157, -1.519291, 
 1.427712, -1.065633, -1.532044, -0.913813, -1.631180, -1.989847, 1.675394, -1.982420, 1.910723, 
 0.991071, -1.498510, 0.728735, 0.896611, 1.951358, 0.881413, -1.420630, 1.700736, -1.547058, 
 -1.883899, 1.414750, -0.698715, 1.137355, 1.168117, 0.651369, 1.040942, -1.749004, -1.614415, 
 -1.247451, -0.268779, 1.111559, 0.871916, 0.646024, 0.118357, 1.932524, 0.937158, 0.963430, 
 0.261905, -1.176084, -1.981723, 1.551028, -1.019124, -1.173741, -1.641029, 0.891663, 1.129867, 
 -1.709338, 0.363761, 1.202422, 1.196935, -1.246815, 0.108839, -1.208785, -1.241517, -0.680468, 
 1.404160, 0.627878, 0.815540, -1.012743, 1.265486, 0.932883, -0.155123, -0.783483, 1.520386, 
 -0.310525, -0.704452, -1.715522, 0.679719, -1.399524, -1.296725, -0.537951, 1.296839, -0.023276, 
 1.054702, 0.235536, -1.897379, -0.054768, -1.328816, 0.443438, 0.494797, -0.703982, 0.699536, 
 -1.985790, 0.546767, -0.432091, -0.698907, -1.369388, -1.682295, 0.093025, 0.074438, 1.712588, 
 0.463931, 0.200817, -0.546553, 1.273120, 1.946236, -0.472318, -0.093791, 1.622577, 1.811054, 
 0.995998, -1.340944, 0.524044, 0.862100, 0.483561, 0.236354, 1.788124, -0.356051, 0.768340, 
 0.233200, -1.509354, 1.674488, 1.399564, -1.946551, -1.277193, 1.581791, 0.095924, 1.428389, 
 -0.122869, 0.942526, 0.485592, 1.063050, -0.599705, -1.251552, 1.844809, -0.956611, -1.550140, 
 1.582068, 0.637819, -0.784808, 1.467373, -0.012646, -1.728386, 1.113058, 0.450917, 0.396125, 
 0.180939, 1.416399, 1.934573, 1.900574, 1.806389, -1.838024, -0.157846, -1.607885, -1.465358, 
 -0.485650, 0.272552, -1.876649, 0.350688, -1.528147, 0.632997, -1.028192, 0.279004, 0.785071, 
 1.405325, -1.222446, 1.959259, 0.364585, 0.246601, 1.853876, 1.235489, 0.707755, 0.575217, 
 -1.230445, 1.741852, -1.576299, -1.590371, -1.289278, 1.436876, -1.463639, 0.431184, 1.419970, 
 -0.482089, 0.781419, -1.514601, -0.164591, -0.593441, -1.440919, 1.840857, 1.677295, 0.101796, 
 -1.835066, 0.338805, -0.344633, 1.720698, -0.513954, 0.488363, -1.541716, 1.943029, -1.877747, 
 0.515112, -0.929154, 0.866469, 1.574506, 0.906416, -0.491291, 1.357227, 0.785008, -0.386262, 
 -1.040205, 0.850930, -1.379718, 1.490880, 1.606845, -0.649631, -0.342495, 0.577212, -0.238810, 
 0.728167, 0.157792, -0.838247, 0.222450, -1.640078, -0.660577, 1.334125, 0.426697, -1.565854, 
 -0.710617, -1.680936, 1.149687, 0.282767, 1.575899, 0.779110, -1.164682, -1.554036, 1.672136, 
 1.715703, -0.489587, 0.397686, -0.796711, -0.853368, -1.090787, 0.324541, -1.072374, 1.671559, 
 -1.579773, 1.772560, 1.265366, -0.510506, 0.118308, 1.003749, 1.769261, 0.526928, -0.479832, 
 -0.700536, 0.458526, -0.421774, 1.489759, 0.887153, -0.568280, -0.531901, -1.228584, 1.143978, 
 1.695043, -0.949304, -0.118959, 0.600991, -0.581303, -0.475427, 1.990649, 0.800882, 0.084241, 
 -0.963852, -1.159680, 1.550707, 0.432996, -1.777849, -0.033502, 0.557317, -0.213915, 0.447902, 
 -1.880645, 1.757372, 1.325444, -1.590100, 1.515236, 0.161665, -1.490920, 0.933039, 0.677768, 
 0.800140, 0.297790, 1.386629, 0.381168, 1.926843, 0.953459, -0.970044, 1.517398, 1.457048, 
 1.656418, -0.313921, -0.369383, -1.210327, 1.456963, 0.726937, -1.714743, 1.590187, 1.605486, 
 -1.822474, -0.162261, 0.993458, -0.327870, 0.654330, 0.786810, -1.823314, 1.506754, 0.580058, 
 -1.148107, -1.200489, 1.654485, 1.107643, 0.661646, -0.320751, -1.757680, -0.974205, -0.539794, 
 1.965634, 1.123399, -0.890262, -0.363105, 1.095072, 0.243470, 1.616449, -0.661293, 0.864637, 
 -0.457002, 0.030419, 1.963939, 1.566216, 1.492934, -1.940259, 1.290592, -0.966137, 1.081185, 
 -0.377437, 1.662570, 1.591892, 0.973949, 1.077865, -0.386905, 1.177814, -1.986836, -0.449717, 
 -1.190793, 1.156433, -1.093448, -1.452526, 1.106041, -0.902272, -0.865732, 1.824728, 1.283969, 
 1.973538, -1.151024, 0.264782, -0.201517, 1.714522, 1.196889, -1.029366, -0.432865, 1.720610, 
 1.560419, 1.223670, -1.524767, 0.812484, -1.666490, 1.503249, 1.288818, 1.552542, -0.801647, 
 -1.877269, 1.351272, -1.808171, -1.417242, -0.782034, 0.143704, 0.818825, -1.793351, 0.270157, 
 -1.078770, -1.112177, 0.533044, -0.010571, -0.045643, 0.974324, -0.090093, -1.112425, 0.133973, 
 -0.202179, -0.234475, -1.866713, -0.240309, -1.379681, 0.414233, -1.321537, 1.208748, -1.689091, 
 -0.240485, 0.194978, 1.844144, -1.332467, 1.393762, 1.588921, 1.619661, -0.295694, -0.942374, 
 -1.478473, 0.073520, 0.291213, 0.701290, 0.669417, -0.620269, -1.192038, -1.122017, 1.544572, 
 0.313340, 0.844890, 1.290622, 0.368888, 0.835195, -1.052364, 1.110439, 0.012330, -0.457063, 
 -0.231414, -0.434921, 1.244964, 0.039742, 1.847618, 0.997127, 1.162164, -0.731218, -0.958286, 
 1.980960, 1.287347, -1.421481, -1.499506, -1.243573, 1.797891, 1.103967, 0.950191, 0.726022, 
 -1.945580, 0.579456, -1.610587, 0.141134, 1.293901, 1.882899, -0.219627, -1.321353, -0.690361, 
 -1.670935, -0.686759, 1.552033, 0.529833, 0.523882, -0.879690, -0.269102, -0.514208, 0.170636, 
 1.476424, 0.942777, -1.412793, 0.054379, 1.264746, -1.768792, 0.297732, 0.463886, -1.245772, 
 -1.788844, 0.141408, -1.593655, 1.693476, -0.571734, -1.484798, 1.781521, 1.055870, 1.773999, 
 -0.939113, -1.304155, -1.337320, 1.021130, -1.271301, -0.741768, -0.279759, -1.581261, 0.523336, 
 -1.642729, 0.002825, -0.392142, -0.796280, 1.086402, -1.305715, 1.459079, -1.991547, -1.769423, 
 -0.130517, 1.763868, -1.379467, 1.857177, -0.043316, -0.982150, -0.953632, -1.509147, 1.561886, 
 -1.019992, -1.399777, -1.139522, -0.030685, -0.878334, -0.430923, -1.189063, 0.397091, -0.258938, 
 -1.598684, 1.327588, -0.822827, 1.786813, 0.647532, 0.925269, 0.061447, -1.715168, -0.042287, 
 0.064128, 1.849795, -1.549862, 0.261264, 1.200954, -0.107609, -1.792762, 0.978566, -0.528109, 
 -1.173779, -0.681317, 0.718166, 1.410809, -0.952004, -0.054613, 0.766946, -0.924936, -1.470772, 
 1.975236, 0.047362, 0.921426, -1.739195, 1.865409, 1.983266, -0.069675, -0.333352, 1.627622, 
 -1.523215, -1.558256, 0.873194, -1.919389, 1.064149, -0.378005, -0.688326, -1.804900, 1.480001, 
 -0.483234, -0.553547, -1.356731, 0.166953, -1.714825, -1.144412, -1.834040, 0.702291, -0.035820, 
 0.868283, -1.058572, -0.696652, -1.760061, -0.339058, -0.720246, 0.862372, -0.441519, -1.596429, 
 1.434724, -1.701739, 0.923303, 1.249471, 1.119559, -0.751441, 0.422581, -1.047765, -1.487827, 
 -0.714418, 0.247262, -1.927748, 1.353472, -0.559988, 1.727418, 1.974585, 1.541303, 1.762095, 
 -1.821106, -1.305136, 0.550303, -1.230068, -1.833042, -1.135730, 1.556871, 1.523590, -1.576491, 
 1.919386, -1.096879, 0.960897, -0.266344, 0.214959, -1.274789, -1.885221, 1.877022, 1.445716, 
 -1.627020, -0.009403, -0.349950, 0.577403, -0.534445, 0.992669, 0.499726, 0.007676, -1.329355, 
 -1.127230, -0.758661, -0.873027, 1.391506, -0.407777, 0.698970, 0.409409, 1.030426, -1.855143, 
 0.309186, -0.816546, 0.711327, 0.275894, -0.143526, -1.737511, 0.861139, 1.062554, 1.243869, 
 1.923959, -1.780967, -0.175235, -0.967706, -1.007188, 0.360801, -0.170060, -0.693233, 1.806249, 
 1.921268, 1.392962, -1.082387, -0.778366, -0.071873, -0.492584, -1.263734, -1.887858, 1.653396, 
 -0.923051, 1.978649, 1.916367, -0.231257, 0.021974, 0.980709, -0.798052, 1.299604, -0.254729, 
 -1.545313, -1.407807, -1.506983, 1.387571, -1.523163, 0.596978, -0.221655, -0.957070, 1.625995, 
 -0.842265, 1.118979, 1.162026, -0.131381, 1.778069, -0.468880, -0.605785, -1.109634, 1.098568, 
 0.710135, 1.673151, -0.364500, 0.610194, -1.388936, 1.557195, 1.128116, -1.431484, 0.271533, 
 1.519793, -1.560229, -1.996561, 1.476838, 1.144924, 1.283729, 1.181238, -0.833936, 1.434603, 
 -0.914702, -0.585264, 0.855501, 0.763708, 0.078479, 0.524683, -1.349675, 1.045856, 0.855820, 
 -0.036805, -1.419419, 0.272560, 0.566870, -0.675249, -0.716911, -0.603028, 0.761838, 1.650181, 
 0.443517, -1.389905, 1.362312, -0.341387, -1.750552, -1.921422, -0.924933, -0.888267, -0.237742, 
 1.119937, -1.023844, 0.392037, -1.351702, -1.011750, 1.734739, 0.070605, 0.375362, 1.358827, 
 -1.068075, 1.068061, -1.623260, 1.289337, 1.171829, -0.498331, 0.894009, -0.634885, 1.709152, 
 0.711148, 1.596906, -1.427280, -0.862449, 0.800494, -1.317861, -1.185639, 0.562822, -1.983296, 
 1.957759, -1.529864, 1.588658, -0.194971, 0.395444, 1.175733, -1.941304, 0.547952, 1.690939, 
 -0.504621, -1.704730, 1.297643, -0.619958, 0.059513, 0.521365, -0.822290, 0.239949, -1.407276, 
 1.503151, 1.316696, -0.494487, -0.425352, 0.215206, -1.951082, -1.517553, 1.589347, 0.153081, 
 0.042578, -0.480759, 0.415925, -0.112760, 0.281211, -1.183720, -0.317990, -1.449155, 1.202061, 
 0.551175, -0.561233, -0.386321, -0.330583, 1.754585, -1.374866, -1.387597, 1.428003, -1.136200, 
 -0.733882, -1.790031, 1.285972, -1.290643, -0.777146, -1.329147, -1.946489, 1.926530, -1.914779, 
 -1.784787, 1.076735, -0.817696, -0.716431, -1.851786, -1.332819, 0.353647, 1.893792, -1.655849, 
 0.613160, 0.416077, -1.455327, 1.509697, -0.229970, -0.060950, 1.901808, 1.912115, 1.451659, 
 1.455318, 1.091139, -0.057876, 0.924350, -1.212666, -1.266277, -0.444201, -1.011668, 0.272821, 
 -0.236403, -0.992482, 1.965455, -1.891505, -0.640062, -0.361148, -0.310744, 1.999149, -1.511321, 
 0.138747, 0.485806, 0.894309, 0.963218, 0.228641, -1.138870, -0.358251, 1.286729, 0.768312, 
 -1.661294, 0.384068, -1.919361, 0.251355, 1.383472, -0.171156, -1.435705, -1.389946, -1.281940, 
 1.625715, -1.643134, -0.845239, -0.472718, -1.961818, -0.491011, 1.175468, 1.209053, 1.154526, 
 0.215715, 0.164377, -1.204022, 0.501175, -0.007640, -0.927644, 1.370570, -1.904176, -0.754894, 
 1.682544, 0.506588, -1.732076, -1.391635, 0.313201, 1.864481, -1.474073, -0.336546, 1.534013, 
 -0.488936, 1.991738, 0.576514, 1.727519, 0.242568, -1.346702, 1.403869, -0.099457, -0.595914, 
 1.433323, -0.091455, -1.007137, -0.063837, -1.758002, -0.355042, -1.357147, 0.442786, -1.834174, 
 0.565872, -1.031413, 1.457166, 0.242651, 0.570325, 1.852930, 0.263512, -0.093400, -1.368005, 
 1.786719, 0.874897, -1.814758, 1.252638, 0.058945, 0.775762, 1.730182, -1.822149, -0.764029, 
 -0.768114, 0.453658, 0.580535, 1.743768, 1.721456, -0.486280, -0.751160, -1.559284, 1.686923, 
 1.116009, 1.911944, 1.295099, -0.202269, 0.447297, -1.255303, 0.663390, -0.026475, -1.420959, 
 -0.667230, -1.287052, 1.885867, -1.651413, 1.679211, 1.826492, -0.987952, 0.626428, 1.555115, 
 -1.265790, -1.869522, 1.877107, 1.018663, 1.211722, -0.992677, -1.045770, 0.886542, -1.094715, 
 0.770722, -0.754586, 0.675666, 1.594763, -1.775062, -0.410864, -0.403931, 0.199993, -1.818376, 
 0.560681, -0.374547, -0.777505, -1.156056, -0.344593, -0.243413, -1.830794, 1.375609, 1.824886, 
 -1.498900, 1.813340, 0.194554, 1.428967, 1.472078, -0.201603, -1.864864, 0.512800, 1.677273, 
 -0.345890, -0.685119, -0.407764, -0.596330, -1.982376, -0.755300, -1.320637, -1.680012, 0.483384, 
 1.176937, -0.863926, 1.673047, 1.852586, 0.673580, 0.678534, -1.527689, -0.596793, -0.743236, 
 -1.086780, -1.253609, 0.206943, -1.574436, -1.584877, 1.298908, -0.559453, 0.955163, 1.385834, 
 0.708159, 0.009743, -0.877632, -1.088690, -0.176466, 0.172558, 0.508303, 0.029479, -1.676961, 
 0.985854, -1.626539, -0.875447, 0.905390, -0.907293, -1.725926, 0.419584, -0.311541, -0.897073, 
 0.283441, 1.776211, -1.524491, 1.438189, -1.074113, 1.762127, -0.528616, -0.532540, -1.749218, 
 -1.797604, 1.029138, 1.107464, -1.000894, -1.673924, 0.492764, 1.479477, 1.963255, 1.509803, 
 0.426035, -0.060483, -1.766413, -1.422457, 0.514170, 1.671648, -0.564042, 0.106631, -0.248661, 
 -0.968023, -1.286069, -0.482699, -0.103756, 1.350852, -0.961390, -1.460670, 1.657904, -1.131821, 
 -1.492400, 1.673919, -1.746870, -1.434890, -1.790921, 0.564492, -1.828970, -0.906620, -1.136827, 
 -1.304068, 0.626688, 1.109839, -0.535021, 1.788222, -1.618795, -0.760971, 0.526212, 0.016634, 
 -0.812681, 0.688065, 1.178561, 0.776731, 0.074189, -0.953017, 1.939506, 1.832972, 1.189598, 
 1.733066, 1.854132, -0.950083, 0.104478, 0.338313, 0.697415, 1.229870, 1.119913, -1.287806, 
 0.393844, -1.142496, -0.265558, 0.923211, 0.778402, -1.779861, -1.563417, 0.239898, 1.932823, 
 1.623305, 1.708294, 0.427280, -0.178675, 1.290157, -0.193227, -1.596221, 1.511523, -1.398184, 
 0.556626, -0.407065, 0.139256, 0.787607, 0.045164, 0.303694, 0.954489, 0.252895, -1.338787, 
 -0.869640, 0.505003, 0.983280, -1.890039, -0.434361, -0.661382, -0.445447, -1.671677, -0.212926, 
 0.631667, 0.975367, 1.544019, 0.975586, 1.403760, 0.370077, 1.348298, -1.363201, 1.256369, 
 -1.846156, 0.334535, 1.788968, 1.469143, 0.443999, 1.365953, -1.561714, 0.307687, 1.202301, 
 -0.819015, -0.777307, 1.261686, -1.669031, -1.412923, -1.347898, -0.854458, 0.814652, -1.725230, 
 0.051017, 0.046739, 0.050865, -1.251338, 1.542926, -0.214421, -1.779903, 1.288150, 1.649445, 
 -1.115409, -1.448367, -0.984803, -0.384254, 0.891818, 0.383505, -1.362644, -1.659618, -1.685282, 
 -0.108448, -0.412954, 1.252287, -0.393503, 0.893697, -1.142600, -0.456993, 1.767080, -1.257450, 
 -1.569289, -0.771534, -1.665871, 1.303922, -1.401348, 0.471788, -1.966018, 1.838440, 0.917698, 
 0.735440, -1.018778, 1.146720, 1.643806, -1.776209, -0.322705, 0.657781, 0.049398, 0.265947, 
 0.588276, 0.961315, 1.779796, 0.513401, -1.132813, 0.627487, 0.448316, 0.821021, 0.160653, 
 -1.320625, -1.351438, 1.707606, -1.282803, 1.711440, 1.049598, -0.067099, 1.107771, -1.649986, 
 0.545844, -0.564582, -1.018111, -1.640603, -1.160935, -1.541997, -0.886251, 0.323589, 0.545726, 
 -0.205219, -0.174100, 1.691902, 0.602966, 0.904714, -0.289902, 1.970263, 1.012207, 0.249215, 
 1.096108, -1.393560, -0.090106, -0.245730, -1.128850, -1.423504, -0.534721, 1.710567, -1.853212, 
 1.528344, 0.548315, 1.887145, -0.647633, 1.578244, -0.270743, -1.000755, -0.950891, -1.506389, 
 -0.429928, 1.140663, 0.767087, -0.872142, -1.912972, 0.983864, -0.192846, 0.446674, -0.330472, 
 1.341426, 0.232562, -0.118370, 0.322854, -0.435672, 0.703085, -1.264063, 1.503292, -0.489059, 
 0.642881, -1.210767, 1.392196, 1.115096, 1.267238, 1.499880, 0.213184, -0.835986, -0.943775, 
 -0.248021, 0.116079, -0.949716, 1.017392, 1.652397, 0.943569, -0.838096, -0.922047, 0.630395, 
 -1.038018, -0.682190, -0.468056, -1.894676, 1.839527, -0.137962, 0.944688, -1.535225, -0.396941, 
 0.732423, 0.521111, 1.597499, -0.509588, 1.945806, 1.433676, -1.700060, -1.388205, -0.217301, 
 0.287788, -0.717508, 1.853484, 0.495943, -0.773855, -1.703350, 0.145986, 1.078761, 0.207201, 
 -1.197002, -1.438234, 1.223013, -1.349257, 1.038545, -1.545996, 1.717554, -1.261824, -1.399795, 
 -0.359177, -1.802056, -1.814888, 1.523149, -0.265709, 1.502096, 1.489046, -0.482332, 1.686529, 
 1.282327, -1.732742, -0.087037, 0.967943, 0.823891, -0.259298, -1.114789, -1.011067, 0.915755, 
 -1.117341, 1.841932, -1.912529, 0.108623, 0.110396, 1.345758, 1.473347, -1.790834, 0.284158, 
 -0.233615, 0.954786, -0.270430, 0.840273, 0.610025, -1.354060, -0.473582, 1.282919, 1.260881, 
 1.987943, 0.208323, 0.953568, 1.697078, 1.813404, -1.500419, -1.548204, -0.104005, 1.416118, 
 -0.976215, -0.928679, 0.211926, 0.113059, -0.564334, -1.952790, 1.798637, 1.479227, -0.316885, 
 -0.386551, 1.573134, 1.248986, -0.181805, -1.185737, -1.417678, -1.488553, -1.159930, 1.417706, 
 1.212611, -0.324557, 0.101881, 1.251579, 0.680107, -0.211878, 1.084923, 1.564800, -1.641914, 
 0.446268, 1.671561, 1.051194, 1.472925, -1.585008, 1.512225, -1.393344, -1.838672, -0.443880, 
 -1.948197, 0.762293, -1.152247, -0.245179, 1.770331, -0.849788, -1.597455, -1.637305, -1.384583, 
 -1.022907, -1.359932, -1.700970, 1.562340, -0.003662, 0.654218, 1.417296, 1.793987, 0.911792, 
 0.532877, 1.442606, -1.129518, 1.888688, -0.501130, 1.817153, 1.884647, 0.128535, -0.009048, 
 0.992587, -0.296709, 1.502670, -0.503415, -1.326251, -1.353704, -0.903631, 1.590854, 0.428040, 
 0.554475, -0.495541, 0.274896, 0.653979, -1.236644, 1.175752, 1.095231, 0.522366, -1.523174, 
 -0.138439, -1.309070, 1.507174, 1.057703, -1.525431, -1.281646, -0.755235, 1.434564, -0.294272, 
 -1.950634, 1.246926, 0.633888, 1.552961, -0.226519, -1.504672, -1.384271, 1.852881, -0.019610, 
 -0.079376, 1.451002, -0.601808, -1.057905, 1.627261, -1.003738, -0.477851, -1.152090, 0.015761, 
 1.702819, -1.080585, 0.595040, 0.953250, -1.882230, 1.040021, -1.440925, -1.564527, 0.980408, 
 0.642420, 1.892065, -1.397831, 1.272262, 1.707912, 1.984828, -1.726661, 1.854563, -1.475223, 
 1.033595, -0.690529, 1.962859, -1.664600, -1.900821, -0.298894, 0.449751, 0.845440, 0.453764, 
 1.914830, -0.808557, -0.828873, -0.319672, -1.421812, -0.667291, -1.501660, -1.539890, 0.879180, 
 0.072139, -1.716041, 0.194229, 0.404220, -1.679168, 1.340880, 1.479679, -1.138906, 1.090171, 
 1.922360, -0.020218, 0.674819, 1.043221, -1.572123, -1.057959, 1.611038, -1.140233, -1.382177, 
 -0.592422, 1.125279, -0.132036, 1.607353, -0.260298, 1.853341, 1.354697, 1.930701, -0.258038, 
 0.208345, -0.403791, -1.841844, -0.425343, -0.235290, 0.818826, -1.319894, 1.671770, 0.368063, 
 -0.949658, -0.892801, -0.730611, -1.132037, 0.639529, -0.457130, 1.494189, -1.805668, -0.678056, 
 0.961549, -0.255662, -1.362135, 1.147218, 0.915997, 1.828821, -0.193585, 1.154824, -1.989282, 
 -0.668948, 0.229399, -0.603270, -1.508777, 1.175677, -0.626806, -1.980560, 1.515196, 0.930827, 
 -1.191706, -1.667954, -0.507602, -1.575541, 1.006543, -0.963764, 1.341277, 0.278931, -0.716841, 
 1.610758, -0.145594, 0.143018, 1.927849, 0.116771, 0.225660, -1.710917, 1.682614, 1.528782, 
 -1.974863, -0.913953, 0.255730, 0.685649, 1.277278, 0.983367, 1.490507, -0.361929, 0.279504, 
 -0.262792, 0.639702, 1.029783, -1.678811, 0.747902, 0.104175, -0.096511, -1.519454, 0.986888, 
 1.476014, 0.481707, -0.468775, -0.775157, 1.069003, 1.044453, 0.726741, 1.694030, -1.921825, 
 -1.782407, 1.743296, -1.600396, 0.476331, -1.917722, 0.214424, -1.179610, -0.863835, -1.828954, 
 0.931467, 0.137158, 0.570930, 0.506564, -0.639927, -0.596968, 1.640557, -0.485712, -1.398691, 
 1.027445, -0.729757, -0.742260, -1.660179, -0.588478, -0.087552, 1.198685, -0.928212, -0.799739, 
 -0.265599, 0.142394, -0.176311, 1.529540, -1.520718, -1.090044, -1.963319, 1.066981, 1.974238, 
 -0.613252, 0.981964, -1.895208, 1.660067, -1.495954, 1.645959, 0.357010, -0.461828, 0.779825, 
 0.776902, -1.178921, -0.221108, 0.434097, -0.714261, -0.375673, 1.429896, 1.943262, 0.429659, 
 -0.185925, -0.397883, 0.877046, 0.018861, -0.650411, -0.157442, 0.485877, 0.158562, 0.211233, 
 -1.988604, -1.320390, -0.269376, 1.702217, -1.825077, -0.356109, -0.463489, -0.307097, -0.432931, 
 1.614184, -1.297391, -0.308194, -1.989257, 0.567199, -1.555473, 0.691416, -0.681703, -0.345026, 
 -0.562139, 1.247859, 1.309790, -1.836934, -0.147451, -0.160683, 1.444723, -1.105407, -0.180824, 
 1.904029, -0.562068, -1.000446, -0.536261, 1.379125, 1.579942, -1.840620, 1.186069, -1.261351, 
 1.715573, -0.324971, -1.449537, 1.407126, -0.114139, -0.952712, 0.015375, 1.379657, -1.224869, 
 0.241505, 0.531656, 1.842754, 1.018006, 0.323075, -1.134623, 0.785904, -0.574406, 1.349938, 
 -0.466525, 1.151774, 1.746328, -1.201811, -1.218210, 0.991807, -0.804314, -0.311589, 1.099039, 
 -1.682253, 0.705570, -1.177275, 0.910387, -1.748652, 0.166680, 1.148861, 0.645195, 1.765326, 
 -1.620564, -1.711980, -1.399788, 0.840913, 0.418917, 1.729035, -1.460617, -1.536351, 0.872831, 
 -1.808808, 0.429634, 1.210042, -1.241868, 0.735995, 0.154094, 1.013980, 0.726650, -1.168536, 
 0.475345, 1.218091, 1.449408, -0.379853, -1.162572, -0.360541, 0.193332, 1.084929, -1.817465, 
 1.802345, -0.286065, -0.039429, -1.944914, 0.458132, 0.884727, -1.561707, -1.576883, 0.643823, 
 1.684498, -0.399805, -0.091663, -1.948755, 1.290963, 0.109357, -1.776657, 1.680125, 0.371737, 
 0.521823, -1.475072, -1.872123, 1.758212, 0.103486, -0.764687, -1.849588, -0.897382, -0.664419, 
 -0.937003, 0.006353, -0.650113, 1.092985, 1.536152, 1.440569, -1.124194, 0.221072, -0.441643, 
 -1.471675, -1.038414, -1.950815, 1.023269, 1.306777, 0.332431, -0.719819, 0.952349, -0.271267, 
 1.522781, 1.489955, 0.816571, -1.114498, -0.658719, -0.788261, 0.644683, 0.464109, 0.995073, 
 -0.242572, 0.152611, 0.142782, -0.297341, 1.718551, 1.307799, -1.893360, 0.052076, 1.899405, 
 -1.238527, 0.486580, -0.027712, 0.316347, -0.205759, -1.032259, -1.912863, 0.602604, 0.315615, 
 -1.508196, -0.619847, 1.800956, 0.376516, -1.188338, -0.843641, 1.457330, 0.651547, 0.940929, 
 0.221054, 1.052464, -0.828031, 0.083414, 1.734182, -0.691639, 1.622848, -1.020400, -0.833419, 
 -0.700072, -0.450287, -1.547125, -1.700716, -1.123512, -1.726273, -1.797991, -1.368666, 1.820332, 
 1.741678, -0.260824, 1.014984, -0.159490, -0.974329, 0.218383, 0.248252, -1.145181, 0.480194, 
 0.518292, 0.855419, -1.529473, 1.433948, 0.100896, 1.855074, -0.264398, 0.201651, -1.177875, 
 0.517865, -1.270189, -0.551583, 1.285422, -1.323698, -0.276713, -0.275540, 1.338888, -0.302895, 
 -1.676030, -0.968721, -0.464163, 1.745285, 0.677668, -0.921125, 1.317743, -1.343523, -0.698342, 
 1.184724, -1.211615, -1.548112, 1.450122, -1.519942, -0.865211, 1.321573, -1.926946, -0.215493, 
 -1.772274, 0.000125, -0.403230, 1.228130, -0.643958, -1.026715, 0.463427, -1.337188, 0.601606, 
 1.438001, 1.758055, -1.251055, 0.750312, -1.029570, -0.752468, -1.438424, 1.366933, 1.717254, 
 1.715974, 0.365851, -1.978480, 0.712149, -0.594963, -1.977588, -1.475416, 1.477110, -0.086964, 
 -1.825032, -0.080738, 1.999414, 1.440575, -1.813601, 1.815473, 0.089472, 0.965323, -0.772941, 
 1.405212, -0.513007, -0.577302, 0.244503, -0.490973, -0.706009, -1.245444, 0.570662, -1.656426, 
 0.741189, 1.339707, 1.232214, -1.277679, 1.556361, 1.572571, -1.464175, 0.970181, -1.958285, 
 -1.507480, 0.525331, -1.820881, -0.690584, 0.554554, 0.752894, -0.502654, 1.622179, -1.817089, 
 0.491250, 0.881291, 1.600326, 1.750841, 1.754616, -0.903565, -1.409863, 0.059319, -1.594768, 
 -1.166890, -0.210776, -0.653987, -0.542295, -0.118397, -1.954377, -0.283917, 1.508589, -0.162185, 
 -1.377596, -1.561640, 0.678490, -0.471008, 1.875998, -1.402046, 0.073785, -0.738903, 1.516724, 
 0.114555, 0.386372, -1.595547, 1.735250, 1.511063, 0.134290, 1.751785, 0.177425, -1.729788, 
 -1.217082, 1.895022, 1.391933, 1.555518, -1.254713, -0.011437, 1.461947, -1.684310, 0.608489, 
 0.630871, 0.472150, -1.841607, 1.403282, 0.198984, -1.247327, 1.120046, -1.461633, -0.459869, 
 1.685450, -0.122013, 0.436830, -1.172545, 0.152870, -1.752359, -1.105539, -0.693425, -0.984652, 
 -0.336085, 0.442673, -1.511998, 1.616960, 0.165029, 0.496735, -0.816622, -0.065134, 1.910691, 
 -0.625127, 1.523199, -0.520047, 0.691256, 0.982739, 1.141544, -1.385454, -1.852696, 1.290548, 
 -1.623913, -1.083761, -1.393654, 0.675627, 1.682571, 1.507253, 1.820015, 0.176832, -0.149374, 
 -0.143441, -0.791223, -0.952178, -1.828627, 0.585046, -1.484894, 1.446397, -0.471373, 0.910105, 
 1.902869, 1.991034, 1.520111, -0.722719, -0.712954, -1.977655, 0.709643, 1.417508, 0.336383, 
 1.974625, -0.153101, -0.724366, -1.612992, -1.501178, 0.742439, 1.816662, -0.078336, -1.023828, 
 -0.959525, 1.514741, -1.429695, -0.699154, -1.351792, -1.560924, -1.738534, -0.471327, -0.885550, 
 -0.171427, -1.130891, -0.390497, -1.678084, -0.199415, 1.117161, 1.753111, 0.389703, 0.137916, 
 0.690792, -1.939777, -0.755087, 0.245773, 1.712515, -1.425825, -0.630688, 1.967422, -1.820761, 
 0.690049, -1.742959, 0.813623, -0.466052, 0.107822, 0.966196, -1.233726, -1.200568, 0.468855, 
 0.828812, 0.500667, 0.833263, 0.921501, 0.572681, -1.418385, -1.156064, -0.010195, 1.032011, 
 0.532932, -1.820740, -0.212837, -0.952572, 1.999232, -1.786743, 0.792439, 0.528104, 1.075853, 
 -0.545396, 1.711236, -0.256888, 0.445595, -0.751466, -0.042548, 1.337767, -0.439836, -0.487886, 
 -0.227831, 0.307963, -1.092294, -1.151982, 1.380164, 1.145368, -0.181096, -0.695665, 1.614351, 
 -0.025269, -1.416973, -1.043994, 0.174776, 1.148502, -0.543006, -0.570809, -1.126946, 1.431243, 
 0.823679, 0.975081, 0.196261, 0.617163, -1.829728, -0.522822, -0.701296, 0.004934, 0.683043, 
 -1.536962, -0.191136, -0.361919, 0.539002, -1.623860, 0.004339, 0.183819, -1.619308, -0.433093, 
 1.838055, 0.381996, -1.039656, -0.149712, -1.952933, 0.014812, -1.511233, -0.480117, -1.599759, 
 0.141844, -1.498385, -1.655631, 1.711863, -1.009860, 0.511703, -0.171187, 1.891090, -1.116144, 
 0.714977, -0.959747, 0.983525, 1.608729, 1.806738, 0.011653, 1.402236, -1.850508, -0.158347, 
 0.123611, 1.132582, -1.217733, -0.253645, 1.601906, 1.881699, -1.667371, 1.136109, 0.822591, 
 -0.202335, -0.992776, -0.290274, 1.003586, 1.375548, -1.676274, -1.827266, 0.298976, 0.233469, 
 0.750033, 0.016571, 0.878859, -0.971394, 0.666425, -0.189739, 1.630218, 0.022840, 1.970772, 
 -0.307098, 1.838425, 1.198202, 1.155580, 1.298757, -0.850785, 0.861800, 1.482563, 0.564582, 
 -1.317962, 0.755547, 0.498501, 1.345880, 1.505251, 1.165642, 0.290909, -0.097235, -1.897846, 
 1.298742, -1.602228, 1.212350, -0.323968, -0.072737, -1.273920, 1.535650, -0.195186, -0.849660, 
 0.288706, 1.045803, 0.942820, -1.956328, 0.016611, 1.319169, 1.593006, 1.425702, -1.982992, 
 1.109743, -1.375412, -0.267448, -1.002000, 0.759386, 0.208403, 0.939638, -0.973633, 0.808520, 
 0.783694, -1.111062, 1.530872, 1.467609, 1.885486, 0.261459, -1.534732, -1.847903, -1.945853, 
 0.371386, -1.201225, -0.303186, -0.591870, 0.700059, 1.238975, -1.907333, -0.268202, 1.535248, 
 -0.805424, -1.070274, 1.542437, 0.168922, 0.950402, 1.323590, 1.995335, 1.516411, -1.310982, 
 1.894663, 0.374065, 0.615734, -1.571662, 0.390403, 1.074316, -1.795038, -0.216832, 1.920755, 
 0.739158, -0.829029, -1.796115, 0.246011, 0.554296, -1.302397, -1.303577, 0.158307, 1.972785, 
 -0.695172, -0.589699, -0.799746, -0.008692, 1.745862, -0.575173, -1.582754, -1.448333, 1.734557, 
 1.809896, -0.869859, 1.662034, -0.654543, 0.278046, 0.564147, 1.649273, 0.362412, -0.720340, 
 0.684201, 0.677769, 1.076564, 0.694103, -0.533740, -0.424519, 1.272370, -1.038098, 0.774329, 
 0.410318, 1.570107, -1.498254, -1.761924, -0.024743, 1.603096, -1.379997, -0.308821, 0.878652, 
 1.176861, 0.359792, 0.679326, 0.327568, 1.837345, -0.105662, 1.273934, -0.139034, -1.395186, 
 1.580508, 1.172800, -1.840516, -1.735106, -1.324320, -0.168891, 1.003543, -0.399919, 0.499722, 
 0.683950, -1.219223, -1.865612, -1.852508, -1.376052, -1.235227, 0.707664, 1.038960, 1.647678, 
 -1.807249, 1.005676, -1.887838, 0.224399, 1.886187, 1.040283, -0.831818, 1.227448, -0.337163, 
 1.612236, 0.820359, -0.502227, -0.505208, 0.906005, -0.049098, -1.382595, -1.683443, -0.778625, 
 -0.917017, -0.427188, 0.311337, -0.330238, -1.263829, 0.350538, -0.942100, 0.619138, 1.022206, 
 -0.074948, -0.740614, -1.796703, 0.413890, -0.919247, 0.331572, 0.049196, 1.817557, 1.615825, 
 0.588244, -1.609091, -1.078745, 0.902557, 0.095269, 1.086288, 0.927150, 0.656645, -0.255563, 
 0.393592, 0.582917, -1.924777, 1.328289, 1.912600, -0.202647, -0.700124, -1.532317, 1.710596, 
 -0.987630, -0.823667, -0.931741, -1.722787, -0.784174, 1.377824, -1.681584, 1.171373, -0.065693, 
 -0.818139, 0.049513, -1.336788, 0.165179, -0.608833, 1.046783, -0.684980, -0.984471, -1.444734, 
 1.448629, 0.995389, -1.659702, 0.121318, 0.355097, 0.711956, -0.188577, 1.381668, 0.026859, 
 -1.468170, -1.671407, -0.560051, -0.764561, 1.237153, 0.720596, -1.304857, 1.969741, -0.872489, 
 1.212701, 1.040208, -1.460876, 0.690415, -1.799360, -0.391968, 0.728045, -1.154224, -1.134268, 
 1.581999, 1.594530, 0.200318, -0.856641, -1.390624, -0.698860, 0.113062, -1.713113, -0.006149, 
 -1.034169, 1.677151, 1.156661, -1.132213, -1.859109, -1.173421, -1.228087, -0.347426, -1.661860, 
 1.604146, 1.632010, -0.844554, -1.150663, -1.937004, -1.446756, 1.102166, 0.589075, 0.705489, 
 -1.120447, -0.601077, 0.258494, 1.214508, -1.839923, -1.719895, -0.489234, -1.761237, 1.466651, 
 -1.842011, -0.577154, -1.571019, 1.441948, 0.997332, -1.796094, -0.795678, 0.308864, -1.228057, 
 1.883617, 0.719135, 0.888791, 1.200263, 1.484853, -0.249589, -0.670313, 0.216033, 1.286688, 
 0.932459, 1.644023, -0.852350, -0.174958, -1.348642, -0.429723, 0.885002, -0.193921, 0.606459, 
 -1.945944, 0.809436, -0.826912, 0.258311, 1.906617, -0.951171, -1.741900, -1.172079, 0.235928, 
 -0.821795, 1.372358, 0.085509, 1.539928, -0.334949, -1.052427, 1.086969, -1.610599, -1.954898, 
 -0.468088, 0.100343, 0.183246, 1.079572, 0.408103, -0.474572, 0.674644, -1.517812, 1.326049, 
 1.388335, -1.559163, 0.866638, 0.697217, -0.037080, -1.825121, -0.568513, -0.600056, -1.911620, 
 0.068088, 1.407835, -0.836765, 1.274892, 1.835445, -1.873451, -0.359628, -1.733462, 0.125642, 
 0.879630, -0.407220, 1.230847, 1.651647, 1.555167, 1.625409, 0.608469, -0.900703, 0.047197, 
 -1.670072, -0.270527, -0.641868, 1.573328, -1.569377, 1.945341, 1.162474, 0.318726, -0.227139, 
 1.731241, -1.193623, -1.708974, 1.014876, -1.245921, 0.693382, -0.223212, -1.802300, 0.368064, 
 -0.318109, 0.270602, -1.654655, 0.702033, 1.951154, 0.615706, -1.567537, 1.766730, 0.363757, 
 -1.860298, 1.419382, -0.883375, 0.338666, -1.846403, 0.509788, 1.693136, 1.090871, -0.285017, 
 -1.769687, 0.856732, -0.837687, 1.636222, 1.339566, 1.492932, -0.846439, 1.368557, 1.779113, 
 -1.549999, -1.924876, -0.777245, 1.146820, 0.917830, 1.066724, -1.230655, -0.580591, -0.082686, 
 0.598023, -0.204913, -1.880844, -0.137046, 0.065488, -1.802570, 1.657661, -1.846033, -0.193108, 
 1.653120, -1.161741, -0.497982, 1.456651, 1.739557, 0.369506, 0.101303, -0.204234, -0.349448, 
 -0.834556, 0.643885, -1.502018, -1.564667, -1.952873, -1.917276, -0.171391, 0.499061, 1.919578, 
 1.391938, -0.275106, -1.469431, 0.124444, 1.449681, 1.385971, 0.381248, 0.200744, -1.627429, 
 1.261325, -0.598838, -1.219048, -0.410384, -0.593313, -1.143795, 1.449521, -0.356531, -1.847019, 
 1.009126, 0.039407, -1.470428, -0.214063, -1.826070, 0.565492, 0.534407, -0.087979, 1.352048, 
 0.238891, 0.608283, -0.596190, -0.834967, 0.637564, -1.738579, -0.356889, -0.506585, 1.171755, 
 -1.040471, 0.439188, -0.552209, -0.214389, -0.548100, -0.609916, -1.891851, -1.251282, 1.952805, 
 -0.685295, -1.995169, -1.286187, -0.317125, 1.016660, -0.143705, -1.105996, 1.459118, -1.118201, 
 1.029603, -1.374318, -1.252149, 1.702832, -0.829933, -1.918366, 0.963634, 1.085590, -0.229799, 
 1.891920, -1.037220, -1.729154, 0.981173, 0.161039, 0.266941, -1.215308, 1.635719, 1.778908, 
 0.473632, -1.305042, -1.018768, 0.798855, 0.561181, 1.495888, -1.856918, -1.430291, 0.806520, 
 -0.160843, -0.423708, -1.661848, 0.119694, -1.736680, 0.213744, -1.988542, 1.271391, 1.934808, 
 0.441643, 1.132175, 1.430767, 0.996984, 1.597628, -0.254532, 1.429950, 1.320935, 1.361372, 
 -1.283377, 1.252394, -0.417176, 1.560688, 1.782962, 0.711217, -1.402084, 0.784619, 1.740392, 
 0.341088, -1.731381, 1.191006, -0.498478, 0.449969, -0.326611, 0.399712, -0.361553, -1.536649, 
 -0.923234, 0.074272, 0.769171, 1.216335, 0.673380, -1.143538, 0.922367, -1.997176, 0.423004, 
 -1.732844, -1.485586, -1.063745, -1.924009, -1.324974, -1.057288, -0.464547, 1.845238, -1.833490, 
 -1.331492, 0.051504, -0.520281, -0.658347, 0.896223, -1.471640, 0.972711, -0.973319, 1.242522, 
 0.509529, -1.071559, 1.437692, -0.168311, -1.389190, 1.626052, 0.598014, -1.636114, 0.627327, 
 -1.969839, -0.045879, -1.731679, 0.424460, -1.465140, -0.848775, 1.696808, 1.477415, -1.723086, 
 -0.635096, -0.326637, 1.907672, -1.096722, 1.828356, -1.158304, -1.960955, 1.278760, -0.295168, 
 -0.953219, 1.385255, 0.186488, 1.864720, 0.223341, -1.913507, 0.526142, 1.887752, 1.558572, 
 1.246740, 0.909619, 1.088928, -0.442634, -1.575220, 0.466687, 0.897535, -0.857315, 0.761963, 
 -0.855916, 0.796574, -0.591617, -0.720269, 0.856659, -1.462777, -0.744379, 0.412655, -1.712165, 
 1.270546, 1.415632, -0.623360, -1.299063, -0.844908, -1.898741, -0.947656, -1.433905, 1.642678, 
 -0.718675, -1.852041, -0.447277, 0.400903, -0.520734, 1.908788, 0.272983, -1.858367, -1.192897, 
 -1.165242, 1.382292, -1.788256, -0.078123, -1.034530, -0.398030, 0.240994, -1.735719, -0.907392, 
 -0.420955, 1.212179, -1.025981, 0.623567, -0.415061, -0.798757, -0.139755, -0.710242, 1.129508, 
 1.418888, -0.692716, -0.478621, -0.736183, -0.669046, 1.664860, -1.516500, -0.651917, -0.906176, 
 0.129975, -0.876428, 1.039863, 0.592640, 1.744765, -1.862049, 1.168480, 0.452080, 0.552164, 
 -0.940351, -1.554384, 0.002929, 0.406115, 0.992125, 1.796261, -0.549099, -1.393695, -0.898061, 
 1.390107, -0.978874, -0.312441, 0.365430, -1.888963, 0.901163, -0.888109, 1.962470, -1.965980, 
 -0.208646, 0.422177, 1.758940, 0.265963, 1.535585, 1.008188, 0.001345, -1.309924, -0.949896, 
 -0.868196, -0.645396, -0.784728, -0.419121, -1.518260, 0.294520, -0.674599, 1.795515, -1.472779, 
 0.545709, 1.519282, -0.004686, -0.166423, 0.487811, -1.874511, 1.206520, -1.262410, -1.173302, 
 0.227989, -1.760287, -1.926319, 0.662017, -0.811079, 0.271702, 1.985150, -1.699760, 0.215402, 
 -1.873361, -1.215898, -0.361712, -0.986102, 0.499836, 1.677436, 1.313423, -1.840140, -1.780886, 
 1.224279, 0.644375, -0.012024, -1.416828, -1.538011, 1.666792, -1.846493, 0.272971, -0.183152, 
 1.598488, -0.721468, 1.343875, -1.196918, 1.840663, 1.673385, 1.616064, 0.014810, -1.222212, 
 1.776981, 1.514203, 1.478319, -0.756732, -1.090430, -1.509224, 0.643888, 1.061769, -0.148977, 
 -0.714549, 1.246963, -0.938549, 0.015473, 0.408581, -1.166728, 0.251507, 0.721008, -0.129195, 
 -0.746981, -1.568848, -1.195050, 1.427138, -0.370216, -0.550273, 1.284073, -0.611975, -0.580611, 
 -0.171358, 1.965918, -1.064623, -0.185189, -1.647307, 1.842641, 0.185519, 0.003277, -0.315225, 
 -0.431445, 0.529361, 1.284682, 0.070313, 0.153106, -0.469231, -0.694756, 1.941424, 1.607823, 
 0.252131, 1.584000, -1.886547, 0.671456, 1.764103, 1.129774, -1.336945, -0.465353, -0.769936, 
 1.372749, 1.297817, -1.949816, 1.669013, -0.040147, 0.577954, 0.171549, 1.188124, -0.589129, 
 1.298032, 0.135441, 1.837347, -1.369618, 0.533050, -0.887459, 1.850744, -1.738837, -0.379121, 
 -0.454477, 1.739210, -0.074869, -1.911857, 0.644571, -1.470023, -1.875352, -1.027126, -0.036403, 
 0.049201, -1.750481, -1.415800, -0.829543, 0.322713, -1.772464, 1.362363, -1.350714, 0.059490, 
 -0.590558, 0.723588, 0.704680, -0.794605, 1.313036, 0.277613, -0.371457, 0.611287, 1.914563, 
 0.707613, -1.930752, -0.418628, -0.346992, 0.707069, -0.764334, -1.435927, -0.508175, -1.279528, 
 -1.947895, 0.165298, 1.459752, -1.244788, 0.259627, 0.442861, -0.642907, -1.110389, -1.657185, 
 -1.883214, -1.239076, -1.485098, -0.766418, -1.140042, -0.134758, 0.693343, 1.345022, -1.031030, 
 1.340788, 0.187972, -0.725074, 0.082434, -0.548168, 1.382372, -0.709146, 0.709133, 0.301463, 
 0.586076, 0.930233, -0.660400, 0.857068, 0.733041, 1.856224, -1.779103, 1.518843, -1.496763, 
 -0.989166, 1.400540, -0.322508, 0.531784, 1.260099, 0.477464, -0.864324, 1.097866, -0.034215, 
 -1.848887, 0.519428, -0.545708, -1.367380, -0.286238, -1.343900, 0.956543, -1.379408, -1.773644, 
 -1.591291, 0.094030, 1.410087, -1.320089, 1.453617, -0.595445, 0.286930, -0.912868, 0.788480, 
 0.312362, -0.507277, 0.752605, 0.218792, -1.986584, 0.936953, -0.155878, -0.059393, -1.562648, 
 -0.743691, -0.416575, 1.480067, 0.536964, -0.920863, 0.070858, -1.648765, -0.322107, 1.776188, 
 -0.448620, 0.487871, -1.600462, -0.857544, 0.759659, -0.987738, -1.607394, -0.397789, -1.283449, 
 0.463328, 1.806507, -1.373018, -0.049947, 0.165975, 1.270888, -0.071726, -1.730499, 0.459794, 
 -0.218091, -0.414720, 0.060772, -1.513462, 0.626415, -1.899554, 0.235888, 0.781749, 0.611547, 
 -1.912173, -0.240870, -1.494952, -0.819332, 1.280232, -0.675672, 0.656434, 1.977491, -1.503381, 
 0.402356, -0.243679, 1.686907, -0.518358, -1.758379, 0.589163, 1.959603, -1.820548, -1.254604, 
 -1.053212, -1.817668, 1.991976, 1.255000, -1.530021, -0.496351, 0.455095, -0.181518, -0.373988, 
 -1.675952, 1.371259, 0.457617, -0.001431, -1.633909, -0.760794, -0.479111, 0.602672, 1.871732, 
 1.813403, 1.605016, -0.098220, -0.590590, -1.287623, 0.777980, -1.268099, -0.134675, -0.063607, 
 -0.583606, -1.044474, -1.107365, -0.608728, 0.393522, 0.085326, -1.102786, -0.664447, 1.987085, 
 1.323617, -1.945468, 0.347170, -0.042624, 1.837035, 1.690482, -0.093227, -0.976809, -1.038277, 
 0.818782, -1.042408, 0.192196, 0.988799, 0.545913, -0.084808, 0.513520, -1.588967, -0.603474, 
 -1.146780, 0.267979, -1.892903, 0.395536, -0.623513, -1.167704, -1.260978, 1.469475, 0.437991, 
 -1.483229, 0.337496, -1.002672, -0.486590, 1.877298, -0.418504, 0.013573, -1.158317, 1.759625, 
 -0.048865, -1.225233, 1.516430, 0.350539, -0.490923, -0.557283, 1.034100, -1.615784, 1.971868, 
 -1.860146, 1.022400, -0.778050, -1.359575, -1.521721, -1.913037, 0.168532, 0.930770, 1.199820, 
 1.674485, 1.690242, 0.331018, -0.716754, -1.587244, -1.082786, -1.542953, 0.907365, 0.826050, 
 0.434452, -1.870664, -0.652504, -1.587978, -1.539309, 1.973896, -1.337103, -0.849588, 1.066826, 
 1.600987, -1.453041, -1.194020, 1.974077, 1.163785, 0.703319, -0.693220, 1.460178, 0.517118, 
 -1.583559, 0.008108, 1.583415, 1.527948, 1.317867, 1.552348, 1.951317, 0.617676, -0.683075, 
 0.390067, 0.146901, 1.706235, -0.710174, -1.052854, -0.485574, -1.140178, -0.257821, -1.451225, 
 -1.646188, -1.889962, 1.457022, 0.239642, -1.886258, -1.747587, -0.626184, 1.265425, 0.482737, 
 -0.100139, 1.531537, -1.720829, -1.352624, 1.937476, 1.089621, 1.667365, -0.540620, -1.723747, 
 -0.638870, 0.856160, -1.799343, 1.639884, 0.994644, -0.761831, -1.259834, -1.724314, 1.819247, 
 -1.803096, 1.590442, 0.976957, 0.746182, -1.832213, 0.983495, 1.248169, -1.350779, 1.772204, 
 1.668428, 1.805122, 1.547381, 1.548024, 1.761333, 0.182481, 1.675267, -1.441495, -0.150147, 
 0.806427, -0.115967, -0.119931, -1.898761, -0.854924, -0.371978, -0.301339, 1.281174, -1.626630, 
 0.823645, -0.852283, -1.170976, -1.381103, 1.185745, -0.846770, 0.965022, -0.898424, -0.894211, 
 -0.881403, 0.331229, 1.118438, 1.766095, 1.086135, -1.628684, -1.302405, -0.478929, 1.494622, 
 0.311478, -1.818146, -0.601536, 0.543243, 1.554114, 0.430798, 0.402559, 0.593909, -0.224392, 
 1.555820, 1.643174, 0.953771, -1.496224, 1.521454, -0.557633, 0.969177, -1.381991, 1.855213, 
 -0.371735, 1.040364, 1.654192, 0.414912, -0.456748, -1.706960, 0.146226, -0.992259, 0.904072, 
 -0.469534, 1.778327, 0.236428, 1.602874, -1.036189, -0.683475, 1.813416, -0.109208, -0.978290, 
 1.201622, 0.603451, 0.799554, 1.448415, 0.279392, 0.012604, 1.652886, -0.699312, -1.612047, 
 -0.859481, -1.467579, 1.317836, 1.347143, 1.394923, 0.250038, 0.734909, -0.389159, -0.863107, 
 0.700265, -1.380220, -0.324139, 1.222691, 0.750043, -0.931767, -1.404808, 0.466897, -1.988861, 
 1.943556, 0.905732, -0.174288, -1.565737, -1.125974, 1.785613, -0.613584, 1.902603, 0.723515, 
 -1.852789, -0.276689, 0.407260, -0.485598, 0.630134, -1.918204, 1.731068, 1.733547, 0.371374, 
 -0.744572, -1.127761, 1.315445, 1.058470, 0.053777, 1.741152, 1.407040, 0.543082, -0.776858, 
 -0.221494, 0.650432, -1.200924, 0.933778, -1.832166, -1.217379, -1.468232, -0.012548, -0.846235, 
 -1.545511, 1.143370, -1.113292, -0.619901, 1.619946, 0.725933, 0.571307, 0.233726, -0.778768, 
 -0.648975, 1.137241, -0.276547, 1.969025, -0.036504, -0.863343, -1.845376, -0.662225, -0.938273, 
 0.063725, 0.176627, 1.985469, 0.264651, 1.621829, -1.002597, 0.781224, 1.097856, -1.093207, 
 0.033579, -0.789495, 0.124961, -1.230067, 0.396918, -1.944145, 0.812578, 1.610913, 0.114037, 
 -1.276411, 1.671754, -0.312921, 1.877313, 1.199094, -1.328031, -1.490916, 0.943847, -1.684484, 
 0.080004, 1.526985, -1.541693, 1.466880, -1.072628, 1.343666, 1.025459, -1.836340, -0.682119, 
 -1.951105, 1.408526, -0.159563, 0.104603, -1.684168, 0.145811, 0.285290, 0.151092, -0.799417, 
 -1.131239, -0.885685, -1.250358, 1.394677, -1.394115, -0.265962, -1.190650, 1.429422, -1.327107, 
 1.051865, 1.755526, -1.532167, -0.241915, 0.107999, 0.579330, 1.092644, -1.352562, 0.585428, 
 -1.350194, -0.459767, 1.197899, 0.985210, 1.283039, 1.477066, 0.374794, -0.617552, 1.785537, 
 1.562418, 1.420338, -0.231042, -1.832492, -1.297814, -0.263593, -0.294183, -0.314744, -0.464746, 
 0.483451, 1.011268, -1.115227, 1.851726, 0.276870, -0.765525, 0.080249, 0.534179, -0.962182, 
 0.540150, 1.266250, 1.461920, -0.841214, -0.303825, 1.888263, 1.717044, -1.735935, 0.850881, 
 -1.694407, -0.046038, -0.839887, -1.888001, 1.996597, 0.608194, 1.899609, 0.938039, -0.490971, 
 -1.474351, 0.831001, 1.786097, -1.703004, 1.118373, -1.619048, 1.609637, -1.297332, -0.254319, 
 0.225445, 0.035443, -0.195606, 0.816290, -0.535069, 0.814983, -0.909930, 0.245504, 0.103261, 
 1.523567, 1.005078, 1.525598, 1.538596, 1.898609, -0.460707, 0.753257, -0.117401, -0.858546, 
 0.441469, 1.385041, -0.196986, 0.362250, -1.929153, 1.936291, -0.754171, -0.843600, -1.509921, 
 0.908000, 0.429916, 1.875571, -0.056274, 1.075505, -1.805267, -0.667747, 1.756565, -1.496691, 
 1.113398, -0.264249, 0.155958, -1.454871, 1.956143, -0.152729, -1.525042, 0.708063, 1.491485, 
 0.999679, -1.994079, -1.748310, -1.948313, -1.732217, -1.828199, 1.852727, 0.087147, 1.008780, 
 -1.998239, -1.921484, 1.325626, 0.109606, -1.305769, 1.490175, -1.597504, -0.881838, 0.516165, 
 0.183281, 1.135506, 0.184101, 0.064468, 0.976929, -1.260546, -1.582030, -1.855792, -1.977823, 
 1.476291, -0.877724, -0.137305, 1.737282, 1.666972, -0.534704, -1.983178, -0.851240, -0.477231, 
 0.511510, -1.804431, 0.894501, -1.490178, -0.783802, 0.732289, -0.969644, 0.289252, 0.638416, 
 1.583934, -0.137276, 0.052765, -0.467285, -0.034865, 0.348881, 0.698669, -0.685354, 0.034997, 
 0.141853, 1.415824, 0.366301, 0.491348, -0.883629, 0.657676, 1.450705, -0.855437, 1.130844, 
 1.807486, 1.794572, -1.641135, -1.444335, -1.002113, 1.549447, 1.138112, -1.780229, -1.195639, 
 1.905926, 1.289446, -0.161337, -1.646327, 1.200432, -0.908112, -0.482782, 1.873371, 1.788701, 
 0.127961, -1.952994, 1.246715, -0.093530, -1.245814, -1.144508, 0.928761, 1.563606, -0.928149, 
 -0.555624, -0.911457, -0.094690, 0.267014, 0.733674, 1.571536, 0.977136, 0.443836, 0.840556, 
 -0.902597, 1.182983, 0.399820, -1.502835, 0.069600, -1.956859, -1.723396, 1.502343, 1.998478, 
 1.302447, 0.049207, 1.727943, -0.541536, -1.161143, 0.360441, 1.176752, 0.776151, -0.659908, 
 1.827599, 0.671898, -1.753320, 0.488171, -0.091791, 0.667625, 0.189437, 1.054496, -0.969521, 
 0.989791, -1.692097, -1.892305, -0.043526, -0.012260, -1.037029, 1.364709, -0.278303, 0.555373, 
 0.636668, 0.354737, -1.121612, -1.546712, -0.822925, 0.809539, 1.446681, 0.675589, -1.389371, 
 -1.813834, 1.986824, 0.733724, 0.852641, -1.205968, 1.963322, -0.329905, -0.565659, 1.777150, 
 -0.920861, -0.602935, -0.935479, 0.024755, 0.800256, 0.874345, 1.297439, -1.416323, -0.754796, 
 1.645177, -1.489395, 1.719936, 0.824358, 0.740286, -1.101835, -0.924086, 0.117801, 0.253250, 
 0.093697, -1.088764, 0.986207, -1.753971, -1.673340, 0.587539, 0.347932, -0.396441, -0.490888, 
 1.406177, 1.155043, 1.217835, 0.941907, 1.505380, -0.892568, 0.228425, 1.432143, 0.451380, 
 -1.798830, -0.386989, -0.982442, -0.085450, -0.936711, -0.994617, -1.516971, 1.408966, 0.290025, 
 -1.791354, -1.536558, 0.191325, 1.484890, -0.452097, -0.880992, -1.374071, -1.865278, -1.324391, 
 -0.808798, -0.900418, -1.125914, 1.338137, -0.561237, -0.528497, -1.847816, -1.968350, -1.551145, 
 1.494075, 1.198320, -0.577021, 1.254119, -1.510142, 0.133571, 1.009835, 1.457804, -0.564425, 
 -1.751892, -0.037541, 1.005210, -1.079261, -1.980805, 0.995625, -1.905616, -0.556572, 1.862570, 
 -1.745226, 1.518692, 0.796676, -1.178732, 0.079365, -0.601593, 0.005419, 1.798312, 1.426906, 
 -1.846028, 1.454340, -1.976659, -0.628614, -1.401786, 0.097393, -1.094763, 1.643389, 1.608946, 
 0.462777, -0.573312, 1.150051, -1.374364, -0.299560, -1.419690, 0.356679, -0.537195, -1.338617, 
 0.702720, 1.327537, -1.761502, 1.343380, 1.349030, -0.901763, -0.147130, 0.722754, -0.513817, 
 1.666728, -1.178578, -0.530992, -0.583162, -1.858027, 0.229293, -1.967626, 1.700190, 1.598517, 
 -1.904219, -1.612435, -0.396760, 0.339430, 0.428043, 0.894649, -1.681462, -1.126894, -0.131688, 
 -0.672254, 1.997310, 0.829004, 1.971915, -1.467099, 1.123704, 1.566243, 0.336815, 1.683836, 
 0.256057, 1.452178, -0.139800, -1.463195, -0.607165, -1.540901, 0.072964, 1.350762, 0.057957, 
 -0.713738, 0.369837, -1.418269, 1.340930, 0.446879, 0.388479, -0.705569, 0.481964, -0.550732, 
 0.287490, 1.698266, -0.606662, 1.204084, 0.288157, -1.670587, 1.303647, 0.517593, -0.016312, 
 1.223413, 0.819290, -1.873252, -0.126168, 0.726916, 1.333099, -1.696112, -0.654286, 1.735721, 
 0.791302, -1.382848, -0.100624, -1.972019, -0.334733, -1.910517, 0.008207, -1.408576, 0.905927, 
 0.253875, -0.378606, -1.759397, 1.595122, -0.127468, -1.012936, -0.365983, 1.713930, -1.239702, 
 0.256785, 1.421636, -0.205633, 0.641870, 0.405148, -1.093284, 0.341326, 0.160694, 0.098116, 
 -1.298790, -0.744645, 1.172103, -1.305806, -1.680615, 1.387368, -0.025264, 1.893566, 1.229743, 
 1.379957, -0.754635, -0.033999, -1.486122, -0.407560, -0.355543, -0.766287, -0.476651, 1.222256, 
 -0.747250, 1.592818, 1.058593, 0.592728, 0.865104, -0.629069, 1.400596, -0.005516, 0.334961, 
 -1.939606, -0.359900, 0.634786, 0.313734, -1.630582, -0.038007, 1.256840, -0.970415, 0.415456, 
 -0.618948, -1.056635, -0.552807, 1.656287, 1.272771, -1.082924, -1.934150, -0.203312, -1.776851, 
 -0.237498, -0.579614, 0.219199, -0.708442, 0.992484, -0.075791, -1.402003, 0.957370, 0.047044, 
 1.473676, -1.191278, 1.562574, 0.638630, 1.191496, -1.549527, 0.581284, 1.678454, -1.890084, 
 -1.913649, 0.187055, -0.471994, 1.999334, 0.582500, 1.451493, 0.420806, -1.365782, -1.887125, 
 1.050636, -1.493908, -0.903052, 0.386643, 0.623288, -0.624809, -1.039367, 0.407769, -0.679944, 
 0.852798, 1.704812, -1.226286, -0.216400, 1.881736, 1.047261, -1.189736, -0.314790, -0.559903, 
 0.125191, 1.761151, 1.323996, -0.576490, 1.846548, 1.995321, -0.626383, 0.339856, -0.338701, 
 -0.391056, 1.268787, -1.025790, 0.814401, 0.495703, -0.000951, 1.450747, 0.105188, 1.820522, 
 0.274719, -1.782395, 0.820929, -1.067033, -1.713018, 0.538149, -1.315155, -1.654750, -1.821122, 
 -0.963900, 1.147194, 1.414154, 0.495507, 0.898783, -1.897993, 0.593755, 0.180489, -1.077112, 
 -1.064137, -0.775402, -1.715940, 0.013919, -1.410313, 0.003385, 0.186604, 0.617635, -1.020896, 
 -0.141377, 0.973815, 1.653161, -0.907020, 0.419768, 0.534297, 1.175187, -1.274490, 1.540776, 
 0.657103, 1.850362, -1.036201, -1.412873, -0.919530, 0.822092, -1.421568, 1.063243, -1.928653, 
 -0.235866, -1.517622, -0.525060, 1.372865, -0.470080, -1.406633, -0.829604, 1.346996, -0.414910, 
 -0.845337, -0.416005, 1.108957, 1.013534, -1.433395, 1.923693, 0.044409, -1.341046, 0.640232, 
 1.934307, 0.647754, -0.557450, -1.397906, -0.008287, -0.081775, 0.771248, -0.719137, 1.584184, 
 0.730950, -1.853837, -1.427039, 1.832903, 0.299700, 0.132452, 1.075911, 0.571737, 0.641922, 
 0.124591, 1.997971, 1.778201, -1.173354, -0.758228, -1.277487, 0.760229, -0.410135, 1.474112, 
 -1.901617, -1.011273, -0.619922, 1.724090, 1.467561, -0.216318, -1.286733, 1.832188, -0.902565, 
 0.944651, 1.257402, -0.745462, -1.709840, -1.245446, 0.005040, 0.958996, 1.604847, 0.515249, 
 -1.325225, 1.187882, 1.840134, -1.126705, -0.167700, -0.355265, -1.011651, 1.747572, -1.848747, 
 -0.248766, 0.380167, -1.182676, 0.141471, -1.508492, 1.450508, -0.326177, 0.556677, -0.958249, 
 -0.347432, 0.552777, -0.603834, 1.495349, -0.135080, -1.695147, -1.714264, 0.196213, 0.685528, 
 -1.168713, -0.592311, 1.197771, 0.178041, -1.117416, 1.833040, 1.607259, 1.321814, -0.395183, 
 1.436904, -0.316671, -1.180095, 0.470988, 0.971458, -0.601632, 1.422619, -0.831914, 0.593733, 
 0.162881, 1.169423, 1.769587, -0.561734, 1.440496, -0.718914, 0.570243, -0.102346, -0.990160, 
 -1.519127, 0.448019, -0.830403, 1.695885, 1.467072, 1.340175, 1.651771, -0.379293, -0.710632, 
 1.434127, 0.341520, 1.630723, 1.373652, 0.615731, 1.475816, 1.031781, 0.248349, 0.282397, 
 -0.677849, -0.382688, 1.373079, 0.682640, 0.515486, -1.062130, 0.633354, 1.094732, -0.477005, 
 -0.092369, -0.745603, -1.151498, 0.885983, 0.297842, 1.643304, 1.714003, 0.732266, -1.130535, 
 -0.104202, -0.698784, -1.473885, 1.719304, 1.493640, -0.125759, 1.086406, -1.427217, -0.460770, 
 1.596226, 1.160667, -0.612793, -1.721227, 1.689884, 1.398020, -0.082971, -1.812339, 0.938567, 
 -1.279837, 0.016523, -0.188839, 0.663288, -0.080764, 0.008316, 1.279182, -1.106451, -1.099684, 
 -1.943761, -0.034686, -0.064891, -0.418052, -1.174418, -0.210659, 1.707714, 0.985250, 0.209585, 
 1.786069, 0.052023, 0.941114, -1.182124, 1.102871, 0.319877, -1.051518, -0.297890, 1.387449, 
 1.049594, -1.630307, 1.390819, -1.565221, 1.170854, -0.229836, -0.043270, 0.421630, -1.058336, 
 -0.752847, -1.480343, -1.829403, 0.762381, -1.306033, 0.440075, -1.584837, 1.381381, 1.749432, 
 0.258031, -0.294922, -0.422437, 0.659919, 0.524211, 0.988927, 1.162275, -0.057749, -0.663505, 
 -0.153191, 0.837837, -0.599013, 0.994379, -1.820033, -0.885194, -1.587087, 1.249394, -0.814231, 
 0.284322, 0.998940, -1.399791, -1.749417, -1.174528, 1.936937, -1.598981, 0.379811, 1.805863, 
 1.146251, 0.099353, 1.295084, -1.086381, 1.453154, -1.902328, 0.078904, 1.689196, 0.443848, 
 -0.388163, -1.658689, -1.467589, -0.918751, 0.164969, 0.965377, -1.182498, -0.187991, 0.269915, 
 1.579917, -0.519524, -0.681665, 0.256059, -1.442432, 1.488011, 0.963706, -0.552543, 1.411382, 
 -1.881276, 0.947041, -0.780498, 1.602452, 1.506961, -1.286178, -1.111477, 1.990942, -0.782467, 
 -0.340198, -1.348738, -0.651806, -0.487610, 1.625818, 1.605112, 0.741957, 1.262442, -0.410770, 
 -1.854077, 0.322806, -1.889073, 0.945622, 0.190785, -1.505657, 0.394885, -1.985352, 0.439656, 
 -0.010659, 1.026790, 0.125497, 1.152440, -1.832386, 1.714611, 0.561010, -0.655705, -1.237955, 
 1.741489, 1.282048, -0.072099, -0.600489, -1.650378, -0.302969, -1.407578, 0.655331, -1.209034, 
 1.798721, -0.709014, -1.674732, -0.008365, 0.878562, 0.100880, 0.987871, 1.756916, -0.257356, 
 -1.114761, 0.186335, -0.230198, -0.295265, -1.156767, -0.463423, -1.036254, 0.097960, -1.654768, 
 -0.302255, -0.648967, 0.847419, -0.230816, -1.184764, 0.082760, 1.395545, -0.144344, -1.604864, 
 0.378255, -0.368793, -0.677991, -1.578888, -1.920469, 1.387870, 0.205467, 1.175040, 0.501961, 
 -1.062783, 0.485641, 0.099137, -1.124179, -1.816850, -1.736152, 1.474882, -1.688944, 1.703627, 
 -0.521969, 0.749999, -1.951775, -1.968006, -1.674824, 0.513604, -1.485747, -0.867790, 1.404538, 
 1.985149, 0.651934, 1.265253, -1.547376, -1.822532, 1.472246, -0.462554, -1.420490, 1.170711, 
 1.851532, -1.095780, 1.344915, -1.769475, -1.054817, -1.577949, -0.516315, -1.030889, 0.756753, 
 -1.486816, -0.015400, 0.710684, 1.230689, 1.068417, -0.283179, 0.412497, -1.516913, 0.382007, 
 0.765881, 1.104836, -0.029493, -0.203359, 1.927834, -0.449410, -1.467110, -0.706566, -1.661613, 
 1.352636, -1.337302, 0.370243, -0.060112, 0.825673, 1.722221, 0.183712, -1.072363, 1.067453, 
 -0.236904, -1.444288, 1.773753, -1.339433, 0.174606, 1.635409, -1.102958, -1.207176, 0.309540, 
 0.032372, 0.618898, 0.481711, -1.629883, 0.069868, -1.289331, -0.932593, 1.787153, 1.911974, 
 1.685623, 1.367518, -0.700920, -1.989227, -1.259203, 1.077299, 1.107465, 0.631220, -0.291661, 
 -0.453284, -0.348753, 0.504973, 1.118795, -0.070736, -1.010185, 0.544896, 0.538260, 0.406263, 
 -1.308946, -1.069456, -0.308558, 1.942532, 1.336972, 0.836180, 0.098404, -1.390478, -0.096034, 
 0.934296, 0.651789, -0.951890, -0.685799, 0.758792, 1.400892, 0.343354, 0.122158, -1.910582, 
 1.189860, 0.350826, -1.790972, -0.868663, 0.929430, 0.893506, 1.740593, 0.456818, -1.664630, 
 -0.311679, -1.370896, -0.556864, 0.697524, -0.981784, -0.258031, -1.139874, 0.905966, 0.412187, 
 1.818814, 1.174988, -0.122591, -1.194539, -0.183827, 1.042512, 0.437783, -1.850436, 0.746354, 
 0.986204, 1.082200, 0.402959, -0.530901, 1.799556, 1.682679, -0.227078, -1.287625, -0.615247, 
 1.982983, 1.800739, -0.276113, -0.115747, 0.231662, -0.443929, 1.492903, 0.310771, 0.235674, 
 1.433695, 0.106817, -0.410691, -0.343778, -1.398913, 0.963651, -1.040340, -1.466043, 0.971723, 
 -1.733833, -1.118769, -1.365403, 0.404173, -1.500486, 0.936586, 1.803103, -1.941259, -1.977355, 
 1.184462, 1.103731, -0.934814, -1.299696, 1.876495, 0.701470, -1.195702, 1.586783, -0.634252, 
 0.629132, -1.455081, -1.654710, 0.560733, -0.099290, 0.846260, -1.023233, 0.141237, 0.611121, 
 1.231185, 1.261382, 0.171703, 0.952976, -0.039060, 0.453698, 1.229991, 1.440423, -1.812905, 
 -0.862517, 1.426704, -0.538390, 1.564928, -1.587510, 1.715416, 1.532306, 1.864975, -0.588020, 
 -0.981898, -0.896127, 1.441660, -1.683938, 0.983514, -0.196124, -0.757800, -1.515128, -1.986532, 
 1.056953, 1.625519, -0.295694, -1.351775, -0.921481, 1.067335, 0.497661, -0.507128, 0.062924, 
 0.667793, 1.234622, -0.252754, -0.799598, -1.928632, 0.533847, 1.337796, -1.955625, 1.477050, 
 1.677461, 0.467781, -0.460599, -1.241699, -1.581786, 0.094402, -0.850909, -1.923362, 1.110272, 
 1.025533, -1.834297, 0.956430, 0.480924, 0.802845, -0.213761, -1.065245, 0.350320, -1.436682, 
 -1.635888, 1.455300, -0.384675, -0.361473, -1.937724, -0.652302, 0.163127, 1.762319, 1.117986, 
 -0.195930, 1.511931, 0.926515, 0.977155, -1.077085, -1.370121, -1.049707, 1.622010, -0.455082, 
 -0.673112, -1.865209, 0.583432, 1.260138, -1.796360, -1.996853, 1.020484, -0.290568, 1.379490, 
 -1.337220, 0.950319, 1.653556, 1.921119, -1.336107, 1.853606, -1.006210, 0.043647, 0.636207, 
 -0.372595, -1.581375, -1.084431, -1.005624, 0.587479, -0.585978, 1.747048, 0.277816, 1.542522, 
 -0.465665, 0.799912, -0.531075, 1.381523, 1.160595, 0.204944, -1.740601, 0.548830, 0.433932, 
 1.071269, 1.134760, 0.653136, -0.891828, 0.329828, 0.608186, -0.157600, -1.316279, -1.479784, 
 -1.909986, 0.216856, 1.470797, -0.271313, -0.902862, 1.399600, -0.423088, 0.644182, -0.711167, 
 -1.751033, -0.607012, -0.222637, -1.140334, -1.443022, 1.561232, -1.287417, 0.533745, -0.737977, 
 1.393963, 1.096967, 0.249277, -1.152390, -1.572669, 0.858417, 1.499114, -1.872494, 1.192483, 
 -0.335036, -0.507634, -0.161497, -1.307525, -0.275423, 0.157166, -1.278345, -1.159789, -1.619488, 
 1.908013, 1.929136, 0.468934, -1.348340, 1.912391, -1.739355, -1.938876, 0.274123, -1.892083, 
 1.696635, 1.245308, -1.535900, 0.447305, -0.035434, 1.875910, 0.028591, -1.361704, 0.217575, 
 0.524247, 1.013267, 1.032228, 0.590955, 0.145166, -1.200641, -0.859412, -0.548098, 1.239597, 
 -1.269086, -1.967934, 0.588885, 1.719062, -0.149275, 1.904430, 1.753736, -1.154597, -1.665227, 
 -1.124273, 0.466289, -1.445246, 1.003112, 1.640894, 1.384615, 0.244153, 0.704799, -0.380320, 
 -1.952651, 0.523286, -1.977460, 0.870261, 1.232230, 1.282989, 0.881660, -1.103879, -0.836109, 
 1.105789, -0.864908, 1.617954, -0.945820, 0.621260, -1.932144, -1.672234, -1.232867, 0.901930, 
 -1.425742, 1.626574, -0.247669, 1.653105, 0.916081, -0.151204, 0.242998, 0.155919, 0.198261, 
 0.580688, 0.740928, -0.009998, -0.154391, 1.326016, -0.192720, -1.332265, -0.930013, 0.000792, 
 -1.327900, -0.874024, -1.784299, -1.462036, -0.599788, 1.527505, -0.875430, -0.772569, 0.935949, 
 -0.714370, 1.425444, -1.578751, 0.460609, 0.326069, -0.922013, -0.414659, -1.508918, 1.648799, 
 1.210892, -0.518074, 0.271205, 0.715457, -1.643217, 1.554021, 1.482661, -1.023935, 1.506807, 
 0.868051, 0.129234, -0.820535, -1.723868, -0.574720, -0.710917, 1.044723, 1.172620, 0.754750, 
 -1.697143, -0.295985, -1.010271, 1.858451, -1.206801, 0.175695, 1.703637, -0.800069, 1.103880, 
 0.276324, -0.434536, -0.221900, 1.712832, 1.358639, -0.108616, 1.263735, -1.124100, -1.836722, 
 -1.454069, 0.117770, 1.259831, 1.164087, 1.998867, 0.787785, 1.015843, -1.566139, 0.760541, 
 1.900239, -1.509061, -0.999638, -1.401489, 1.309406, -1.805491, -0.308852, 0.396456, -0.045261, 
 -0.225496, -1.480124, 0.268683, -0.847760, 1.023694, 0.475094, -0.976489, 1.551754, 0.119357, 
 -0.404616, 0.401569, 1.014177, -0.746794, 1.403202, -0.008848, 0.164684, 1.963623, 0.287921, 
 -0.111026, 0.656829, 1.366176, -1.755119, 1.908957, -1.191671, 1.388636, -0.421630, 0.228029, 
 -1.510245, 1.799933, -1.016128, 1.401122, 0.696106, -0.987063, -1.167490, -1.744193, 1.023191, 
 -0.155585, -1.555397, -0.225076, -1.315423, -1.073846, -0.030224, 1.630822, 0.137045, 1.853122, 
 -0.309184, -1.423714, 0.244818, 1.701425, -0.512618, 1.305979, 1.175034, -1.241699, -0.561293, 
 -1.450543, 0.925742, -1.434264, 0.022741, -1.409768, 0.023162, 1.954719, 0.104370, -1.987172, 
 0.341115, -1.624755, -1.243931, -1.422183, 0.720874, 0.523612, 0.477650, -0.410072, 1.202157, 
 1.751227, -1.447507, 1.033120, -0.475623, -1.436439, -0.874483, -1.431144, -0.783564, -0.112585, 
 0.989115, 1.879759, 1.656775, 1.084547, -1.798352, 0.647747, -1.516950, -1.014188, -1.153488, 
 1.816747, 1.230829, 0.867045, 1.408846, -1.811145, 1.553341, -1.725969, -0.299172, 0.388243, 
 -1.076738, 1.663386, -0.618540, 1.975548, -1.356534, -1.320288, 1.054163, -1.373003, 1.258939, 
 1.599554, -0.316392, 1.896291, 0.508104, 1.644236, -1.454772, -0.282278, 1.605697, -0.486763, 
 -1.552808, -0.174147, 1.567301, 1.137723, -0.796705, -1.884828, -1.595943, -0.357780, -1.736003, 
 -1.326702, 1.204415, 1.622398, -1.344298, -1.743950, 0.505810, 1.188600, -1.567393, 0.444703, 
 -0.441296, -1.483403, -0.961512, 0.691829, 0.904068, -1.412696, 1.348504, -1.533200, -0.164162, 
 1.782926, 1.963162, 0.485150, 0.661956, 0.227243, 0.620712, -0.841420, 1.473542, 1.421698, 
 0.963433, 1.139790, 1.336838, -1.389063, -0.605854, -1.381669, -0.179874, -1.447318, -1.764489, 
 -1.416925, -0.445361, -1.636708, 1.131763, 0.568559, -0.903290, -0.353662, 0.781858, -0.757424, 
 -0.741242, 0.437951, 1.934215, 0.849609, 1.473646, -0.966196, -1.145377, -1.512615, 0.683254, 
 -0.526538, -1.789402, -1.110242, 0.220053, 1.161956, 1.477756, 0.301259, -0.689792, -1.362869, 
 1.729875, 0.036585, 1.755730, 0.375940, 1.019685, -1.685957, 0.330001, -1.452263, -0.448034, 
 -1.272155, -0.331752, -0.233278, 1.749814, -0.523031, 1.669818, 0.271723, 1.904236, 0.536834, 
 -1.367680, 1.880745, 0.217904, 1.842871, 0.710991, 1.045514, 0.103122, -0.524544, 1.972598, 
 0.595972, 0.157033, 1.961770, -1.553072, 0.191214, 1.826545, -1.858831, -0.413254, 0.882267, 
 0.210865, 1.451145, 0.602750, 1.163313, 1.479476, -1.853981, -0.953751, 0.657421, -0.042920, 
 -1.543934, 1.235473, -1.153670, -0.681748, 0.329031, -0.008711, -0.079807, -0.259794, 1.070580, 
 -0.752325, -0.218132, 1.210560, 1.065933, -1.757123, 1.361923, -1.198644, 1.466934, 0.434692, 
 -0.237976, 1.599154, 1.505095, 0.770562, -1.506145, -1.113242, 1.249229, -0.580343, 1.631276, 
 0.049250, 1.100897, -0.385699, 1.583148, -1.304819, -1.019196, 1.520558, -0.389347, 1.596498, 
 1.250991, 0.238619, -0.191319, 0.800962, -1.869924, -0.764471, -0.457972, 1.265683, -1.477439, 
 0.333984, 1.172076, 0.271902, -0.320076, -1.033229, 0.721322, 0.144373, 1.237776, -1.888786, 
 -1.336413, -1.214996, -0.633536, 0.302315, -0.981512, -1.824660, 1.560735, -0.765531, 0.288292, 
 -0.367187, -1.210276, -1.187148, -0.367966, -0.766617, 0.410498, 0.732363, -0.285935, -0.056050, 
 0.139677, -1.225598, -0.786244, 0.005034, 1.517108, 1.459107, -1.981682, -1.993721, 1.934095, 
 -0.403550, -1.422920, 1.334850, 1.507523, 1.453487, -0.630643, -0.855729, 0.472777, 1.429738, 
 -0.325669, -0.202764, -0.242095, 0.105637, -1.612426, -0.363094, -0.750141, -0.407835, -0.564009, 
 -1.812382, -0.513474, 0.953297, 1.485797, -0.306617, -1.478646, 1.258158, 0.535307, 1.943785, 
 -1.249475, 1.895297, 0.482844, 1.098765, 1.046434, -0.991544, 0.159159, -0.817001, -0.718366, 
 -0.526006, 0.807180, -0.977312, -0.386442, -0.126497, 1.662338, -0.238109, 1.050112, 0.499968, 
 -1.120613, 1.363901, -0.419672, -0.500864, -0.595971, 0.815730, -0.523083, -0.056758, 0.786829, 
 0.603336, 1.155848, -0.158936, 1.831849, 0.712338, -0.071809, 0.009506, -0.738695, -1.255780, 
 1.773965, 1.163501, 0.365405, 1.968948, -1.412605, -0.177556, -1.234882, 0.023860, -1.876321, 
 -0.141603, -1.156405, 0.633043, 0.895271, 1.641367, 0.251223, 0.076561, 0.003077, -0.398429, 
 1.318359, -0.396566, 1.184365, 1.499828, -1.378380, 1.793937, 0.907042, 1.213831, 1.444794, 
 0.452280, 1.634873, -1.554725, -1.254482, -0.599341, -1.030634, 1.288953, 1.997137, -1.983348, 
 -1.648827, -1.204475, -1.517270, -0.035740, -1.720801, 0.967103, 0.541382, 1.800114, -1.186210, 
 1.696065, -0.225502, -0.039542, -1.180518, -1.901805, -0.752712, 1.646605, -0.932076, -1.442293, 
 0.484748, 1.621749, -0.178844, -0.115441, 1.198504, -0.002160, -1.036852, 0.578809, -1.683294, 
 -1.551691, -1.725740, 0.134012, -0.274943, -0.737747, 1.057932, -0.562070, 1.978734, 1.427333, 
 0.101442, 0.919472, 0.349716, 1.789987, -1.300378, 1.771358, 0.811944, 0.410340, 0.414405, 
 0.332085, 1.451647, 1.432383, 0.109977, 1.877572, -0.054974, -0.160651, 1.454813, 0.474364, 
 1.001430, -0.694351, 0.568185, -1.588987, -0.781911, -0.884172, 0.485891, 0.000213, -1.262319, 
 -0.883526, 1.607794, -0.645240, 0.795980, -0.175893, -1.430285, -0.360910, -1.783490, -0.139729, 
 -1.519116, 0.618280, -0.211392, -1.034458, 0.952017, 0.115710, -1.551448, -0.167704, 0.630967, 
 -1.259364, -1.159330, -1.053251, 0.823656, 1.426396, 1.175794, 0.849553, 1.522997, 1.880094, 
 -0.652919, -0.696180, 1.464264, 1.319924, 0.570198, -0.841473, -1.860787, -1.860446, 1.742078, 
 -0.253751, 1.019573, 0.151712, -0.714746, 1.976597, 1.822938, -1.392546, 0.977566, 1.280767, 
 1.270338, 1.889587, 1.953316, -0.948254, -0.101548, -0.037994, 0.907319, 1.174725, -1.663393, 
 0.546538, -1.646170, 1.662162, 1.768708, -0.529605, -0.939294, -0.195106, 0.511901, 1.906248, 
 0.690964, -0.099283, -1.831341, -0.772851, 1.888853, -0.698360, -1.389123, 1.651182, 0.091209, 
 -1.552647, -0.951918, -1.630730, -0.995537, -1.031784, 1.790678, -0.834976, -1.198412, 0.359691, 
 -1.893975, -1.887714, -0.605282, -0.103046, -1.255595, -1.439269, -0.335334, 1.211707, -0.156981, 
 -1.433311, 0.363469, -1.041639, 1.255776, 0.748519, 0.315077, 0.146848, 0.087768, -1.262992, 
 1.639408, -0.270541, 0.021396, 1.431419, -1.688233, -0.853895, -0.848584, -0.849499, 0.623766, 
 -1.872685, -0.594865, 0.652534, 1.152563, 1.738877, -0.740953, -0.989050, -0.077714, -1.698769, 
 -0.262579, -0.577959, 0.682469, 0.475113, -1.502216, 0.749988, -0.185050, -0.497611, 0.723127, 
 -1.159951, 1.272778, 0.197711, -1.741738, 0.600392, 0.929906, -1.264376, -0.757539, 1.601379, 
 1.882106, -0.585772, -0.581719, 1.920389, 1.701486, -0.431310, 1.953226, 0.877454, -1.542460, 
 0.994574, -0.156635, 0.108182, 0.525796, -1.427882, 0.241268, -1.811265, 1.334411, 1.529003, 
 0.553398, 0.420957, 1.788774, 0.115192, 0.206764, -0.869555, -0.054295, -0.902308, 1.869105, 
 1.824057, -0.412687, 1.919192, -1.984437, -1.753488, 0.590492, 1.417407, 1.250833, -0.340002, 
 -0.138066, 1.742663, -1.044134, 0.431196, 1.411128, -0.620772, 0.140830, -1.873872, -1.334570, 
 -1.129024, 1.624627, 1.549331, 1.555246, -1.490976, -0.184570, -0.757036, 1.294908, -1.851687, 
 0.355570, 1.994415, 1.591533, -0.551817, -1.790022, 0.119155, -0.279401, -0.841534, -0.316180, 
 -0.392079, -0.597994, 0.655659, -0.420577, 1.612529, -1.153368, 0.852385, -0.656990, -0.761730, 
 1.395496, -1.705750, 0.619418, -1.558387, 0.686884, -0.097344, -1.358155, -1.195849, 0.032299, 
 -1.990641, 1.379957, 0.520045, 1.695509, 1.023304, -0.958786, 1.737153, 1.080511, 0.614809, 
 0.198791, 1.827429, -1.070650, 1.420878, 0.956570, 0.240281, -0.079553, -1.913491, 0.895336, 
 0.616948, 0.419923, -0.362170, 0.162526, -1.363532, 0.511183, -1.507025, 0.255732, 0.700565, 
 -0.356637, 0.372752, -0.944724, -0.994569, 1.803300, -1.250541, 1.458613, -0.271803, -0.511157, 
 0.155360, -0.574247, -1.464306, 1.972443, -0.738748, -1.865343, -1.014057, -1.086391, 1.466350, 
 0.552775, 1.949905, 0.166261, -1.105212, 0.133093, -1.141918, 1.085017, -0.230007, 0.923151, 
 -1.912903, 0.879538, -0.306542, 0.263259, 1.958800, 0.757806, -0.487076, -1.792307, -1.382635, 
 1.990730, -1.179201, -0.808906, 0.561655, 1.288461, -0.135798, -1.146762, -1.625320, -0.413475, 
 1.316571, 1.574001, -1.748630, 0.037122, -0.009498, 1.154295, -1.866417, 1.251287, 0.132974, 
 -1.015279, 1.821873, 1.767895, 1.786328, 1.637913, -1.185749, -0.136265, 1.233630, -1.154287, 
 0.396643, 0.515689, -1.727249, 0.288821, -0.751691, -1.829801, -1.458064, 1.219996, 1.941022, 
 1.839980, 1.686520, 1.440675, -1.178729, -1.172741, -1.697098, -0.366545, -0.399890, 1.747131, 
 0.654717, 0.849688, 0.942246, 1.979359, -1.983621, -1.791780, -0.666799, 1.911456, 1.169573, 
 1.427974, 1.028682, 0.721943, 0.774467, 1.313383, -0.459459, 0.446176, -0.629750, 0.821863, 
 -1.344580, 1.691705, -0.263611, 0.830671, 0.309034, 0.793878, 1.927518, -0.866827, 0.349969, 
 0.974703, -1.952706, 1.050252, 0.541819, -1.511557, -1.162206, -1.461084, -0.597359, 0.973644, 
 -1.765089, 0.504041, 0.499018, 1.605130, -1.933552, -0.620604, -1.377096, 1.622288, 0.430137, 
 -1.145688, -1.241284, 0.272750, 1.752943, -0.111078, -0.969779, 0.449499, -1.097699, -0.163161, 
 1.179743, -0.338568, 0.942604, 0.702181, 0.979905, 0.430179, 1.861798, 0.465137, 1.512657, 
 1.565923, -0.138839, 0.874687, 0.741942, 0.100584, 1.149034, -0.069925, -1.289223, -0.920600, 
 0.521510, -1.982286, -0.701173, 0.519971, 1.539294, -0.829398, 1.403300, -1.773918, 0.150550, 
 0.391874, 0.478802, 1.528794, 1.902462, -1.235017, 0.446023, -1.281833, -0.537133, 1.537136, 
 -0.522319, 1.044013, 0.161953, 1.902652, 0.850092, 0.450623, -0.373789, 1.694631, -0.754886, 
 -0.246939, 0.708949, -0.047682, -1.921557, -0.969738, 1.880711, -0.361558, -0.034867, 0.885812, 
 0.108491, 0.268155, -0.210649, -0.365708, 0.149662, -1.227468, 0.198430, -0.858574, 1.463382, 
 -0.030896, -1.089211, 1.043638, -0.328053, -0.311605, -0.431228, -1.616419, 0.094104, 1.289832, 
 -0.190128, 0.010295, -0.023773, -1.119751, -1.322852, 1.742843, -1.935908, 1.694218, 0.479059, 
 -0.041704, 0.094330, 1.508729, -1.088250, 1.977576, 1.518085, 0.832300, 0.011079, -0.622142, 
 -1.738470, 1.326857, -0.600186, 1.174826, 1.571669, 1.767055, 1.950873, -0.686295, -0.523992, 
 1.972941, 1.114324, 1.315373, 1.179516, 1.361023, 0.438915, -1.952635, -0.583399, 1.690992, 
 0.870142, 0.267502, 1.476626, -1.159771, 1.033014, 0.212970, -1.104805, -0.830831, 1.591085, 
 -0.074887, 0.429274, 0.727097, -0.058711, -0.891455, -1.817157, -1.624215, -1.346118, 1.832394, 
 1.279173, 1.218692, 1.910044, -1.594301, -0.856477, 0.425998, 1.236634, 0.648779, -0.097134, 
 -0.392403, 1.276807, 0.026961, -0.259226, -1.588726, 1.660429, -1.574335, 0.427991, -1.182075, 
 0.894778, 1.626281, -1.037978, 1.650797, 0.894516, 1.320962, 1.537013, 1.114175, -1.311610, 
 0.842632, 1.014501, 1.726456, -1.331288, 0.067265, 0.644124, 1.037323, 0.394891, -1.132382, 
 0.208735, 0.933892, -0.277590, 1.167716, 0.785668, 1.635759, 0.893837, 0.887658, -0.970049, 
 1.132677, 1.989797, 1.668893, -1.494489, -0.370564, 1.376080, -1.235559, -1.044785, -0.779192, 
 1.027146, 0.862181, -0.643296, 1.486253, -1.925483, -0.597810, -1.477565, -1.150166, -1.289260, 
 1.291813, -0.134239, 0.091589, 1.621656, 1.444523, -0.156505, -0.876332, 0.181323, 0.688359, 
 0.603206, 0.465224, 1.069596, -1.044678, -0.020124, -0.585925, -0.239033, 1.340115, 1.109464, 
 -0.452371, 0.534090, -0.368554, 0.799605, -1.172780, -1.008163, -1.812542, -0.835488, -0.451981, 
 0.785781, -1.633533, -1.902098, -1.735327, 1.242417, -1.376443, -1.983630, -1.400541, -1.324550, 
 0.481746, 0.366091, -1.463151, -0.685345, -1.047258, -0.860091, 0.327351, 0.609806, 1.364703, 
 0.150434, 0.179361, 1.863045, 1.896583, -1.758605, -0.023676, 0.834099, 0.445646, 0.490745, 
 -1.850356, -1.399651, -0.119972, 1.201773, -1.435930, -0.335281, 1.149083, -1.080583, 1.176973, 
 -0.431427, -0.606239, -1.279943, 0.952548, -1.830773, -1.336724, -0.984111, 0.130957, -0.107743, 
 1.129573, -1.013219, 0.154730, -0.588150, -1.835530, -0.312986, -1.369500, -0.026024, 0.563629, 
 0.211862, 1.039954, 0.179778, 1.222368, 1.421482, -0.744074, -1.579190, -0.867667, 0.018097, 
 -1.356996, -0.230725, -0.710810, -0.399477, 0.316906, -1.556793, 0.383710, -0.057484, -1.147367, 
 -0.946525, -0.656680, -1.449868, -1.239336, -0.786406, 1.427883, 0.096442, -0.965257, -1.305344, 
 0.760156, -1.039531, -1.057436, 1.011747, -1.342796, -0.036581, 0.429150, -0.117024, -1.291382, 
 1.283949, -0.399419, -1.540659, -1.845637, 0.722047, 0.919407, -1.052276, 1.702718, 0.755315, 
 -0.407408, -1.468809, 0.377809, 1.370016, -1.188583, -1.344105, -1.855495, 1.689009, -1.397850, 
 0.737829, 0.354157, -1.329116, 0.604506, -0.972413, 1.730735, 1.789372, 1.573909, 1.108584, 
 -0.284320, -0.120377, 0.628526, 0.175981, -1.953074, -1.485474, -0.020039, -0.505270, -1.091572, 
 -1.814605, -0.268377, 1.837792, 1.729197, 1.108901, 0.177362, 1.837431, -0.525479, 1.774801, 
 0.650021, 1.748947, 0.118595, 1.601771, 1.150629, -1.946756, 0.060573, 0.888965, 1.393327, 
 1.791209, 1.426446, 1.570043, 1.187688, 1.545565, 1.691648, 1.354313, 1.802904, -1.001172, 
 -0.505885, 1.022184, -1.941193, -0.481839, -0.911540, 0.383711, -1.226806, 1.792242, -1.317360, 
 0.896431, 0.021781, -1.955322, -1.950620, -1.775402, -1.076782, 0.430285, -0.753090, 0.496909, 
 0.000546, 0.527429, -0.922204, 1.155780, -0.544974, -1.511057, 0.839088, -0.204903, 0.204521
};

//float c_ref[] __attribute__ ((aligned (32))) = {
float c_ref[] = {
 0.656763, 0.337078, 0.103845, -0.350215, -0.841201, -0.274923, -0.320949, 0.131492, -0.922618,
 -0.48788, -0.206324, -0.197969, 0.227665, -0.888681, -0.161037, 0.597564, 0.151152, 0.809757,
 0.403492, 0.118895, 0.0500197, -0.0437249, 0.666242, 0.243651, -0.956563, 0.122875, 0.88115,
 -0.580126, 0.067499, -0.13637, 0.54524, 0.909175, -0.060661, 0.426528, -0.359672, -0.792574
};
