int ex_len = 500;
int c_len = 4;
int f_len = 9;

//float ex[] __attribute__ ((aligned (32))) = {
float ex[] = {
 0.761701, -1.557984, -0.839734, 1.724331, -1.776043, 0.514001, -1.832397, 0.101746, 0.356494, 
 -0.124242, -1.680886, -1.128638, 0.960708, 0.750699, 0.593361, -1.224906, 1.378203, -0.072249, 
 0.042397, -1.791960, 0.811942, 0.226026, -1.660203, 1.470784, 0.856083, 0.385418, 0.440996, 
 0.188509, 1.608010, -0.124386, -0.042696, 0.967819, 0.639686, 1.066989, 0.474478, -0.287849, 
 -0.433826, -1.776765, -1.365817, -0.264798, -1.071506, -1.832934, 0.743528, -0.462372, -1.042330, 
 -1.751715, 0.300941, -0.470546, 1.923502, 1.306898, 1.465411, 0.159421, 0.087538, 1.140989, 
 1.145702, -1.017747, 0.993805, 1.221053, 0.841249, -0.164168, 0.044651, -0.483515, 1.188302, 
 0.779174, 1.808768, -1.704909, 1.701041, -0.290580, 1.391577, -1.469108, -0.586189, 1.408872, 
 0.873947, 1.167611, -1.813255, -0.926615, 0.160004, 1.755936, -0.532772, -0.287947, 1.349053, 
 -0.587460, -0.601485, -1.280079, -0.939465, 0.677883, 0.398230, -1.543339, -0.366846, -1.384982, 
 -1.791881, -1.566128, 0.076345, -0.402420, -1.537972, -1.791045, -0.648279, -0.364962, -1.016224, 
 0.046231, 0.911040, -1.356908, 1.654016, 1.312372, 0.435161, -0.671390, -0.421129, 1.446220, 
 -1.542538, -1.864436, -1.655012, -1.875401, -1.845690, -1.877607, 0.258815, -1.143888, 1.149125, 
 1.092189, 0.165985, -0.055931, -1.853222, 0.639643, 0.466909, 0.609388, -0.304107, -1.332144, 
 -0.183387, 0.893055, -0.947579, 0.048026, 1.395004, 1.223202, 1.303931, -1.958554, 0.405504, 
 -1.827126, -1.016404, -0.342905, 0.231829, -1.651480, -0.555431, -0.337109, -0.401023, -0.323654, 
 -1.319229, -0.391745, 1.724675, 0.292195, -0.817705, 0.932215, 0.685210, -1.327993, -1.823854, 
 1.925791, 0.358804, -0.720553, 1.924866, -0.184077, -0.698712, -1.107658, 1.688212, 1.086655, 
 1.667868, 1.731945, 1.892235, -1.578387, -0.004277, -0.890666, -1.582660, 0.447434, -0.670958, 
 -1.444620, -1.619307, -0.613245, 0.599925, 0.610740, -0.142862, 0.168731, 1.810846, 1.639370, 
 -1.691502, 1.231613, -1.245160, -0.203271, -0.391445, -1.308955, 0.926601, 0.252585, -1.227938, 
 -0.677781, 1.421301, 1.970871, -0.916159, 1.524639, 0.391024, 1.703892, 0.639404, -1.183667, 
 0.494898, 0.160091, -0.721749, 0.150432, -1.693406, -1.618568, 0.081384, -0.390960, 0.352556, 
 1.440410, -0.843400, 0.815618, 0.701059, 0.347142, -1.362583, 0.907715, -0.875067, -1.141095, 
 -0.781865, 0.083580, 0.677146, -1.177992, 0.660987, 1.387060, -1.111588, 1.858093, -1.695739, 
 1.177318, 1.200267, 0.487000, -1.210892, 0.168545, 1.736545, 1.842810, -0.664909, 0.751283, 
 0.350391, -0.755249, 0.173557, 0.085765, -0.237316, 1.570741, 1.189744, -0.819141, -1.177763, 
 -0.541758, -0.852415, -0.907840, 1.640499, 0.602726, 0.955616, 0.429423, -0.775998, -1.681033, 
 -0.535905, 0.016528, 1.345894, 1.682314, -1.656071, 1.870356, -0.971602, 1.209101, -0.550468, 
 0.151907, -1.473535, -1.319168, -0.483915, -1.857415, 1.490383, 1.350666, -1.388107, 0.009644, 
 -0.698736, -1.719961, -1.015383, 1.610793, -1.103223, 0.548107, 0.592631, -0.767331, 0.020013, 
 -1.687715, 1.636914, -0.398244, 0.774838, 0.478779, -1.708772, 1.911624, -0.691161, 1.482160, 
 -0.136843, 1.644881, 1.972769, -1.275468, 1.485733, -0.040351, 1.980339, -1.656459, 0.642848, 
 -1.213183, 0.743807, 1.651932, -0.955509, 0.617889, 0.274662, -1.486433, -1.193375, -0.303538, 
 0.209813, 0.074259, 1.114590, 0.010342, 1.193290, 0.780348, -1.389673, -0.416334, 1.344252, 
 0.482863, 0.771630, 1.467647, 0.501656, 0.165648, 0.448942, 1.411388, 1.141553, 0.746730, 
 0.308782, -0.732215, -0.398957, 0.887668, 1.039167, 0.804703, -0.478281, -0.627612, 0.622012, 
 1.200639, 1.132422, -0.595032, -0.703021, -0.225008, -0.017909, 1.593543, -1.975908, -1.962540, 
 0.097852, -1.745442, -1.392926, -0.846048, -1.529200, -0.625546, 1.073636, 0.489459, -0.426376, 
 0.192959, 1.592624, -1.334925, -0.269184, -0.597273, 0.442172, -1.080036, -1.575416, -0.604698, 
 -0.499093, -0.645077, 1.488578, 0.637493, 1.801161, -1.040382, 0.062721, 0.178354, 0.110090, 
 -0.047800, 0.432769, 1.131539, -1.116368, 0.466690, -1.888460, 1.918311, 0.496289, -0.176457, 
 -1.061857, 1.647599, 1.630179, 0.788587, -1.729543, 1.160473, 0.174810, 1.189357, -0.252198, 
 -1.589052, -1.249622, 0.853659, -0.683527, -0.650520, -1.304796, 0.175470, 0.645393, -1.388865, 
 1.332097, -1.989868, -0.095809, -1.689304, -0.389339, 1.248303, -0.766203, 1.443153, -1.942088, 
 1.941531, -1.626123, -0.757477, -0.736441, -1.041061, 1.423308, -1.265071, -1.243900, -0.493392, 
 -0.036296, 1.790159, -0.680790, 0.671540, 1.011122, -1.229774, 0.917791, 0.133182, 1.492100, 
 1.282847, 0.988681, -1.920097, 1.604064, 0.376907, -1.659855, 0.375746, -1.293922, -1.352181, 
 1.441267, -1.603241, -1.772078, -0.544343, -0.028931, 0.533853, 0.554961, -1.638671, -0.992747, 
 -1.660821, -0.627264, -0.049194, 1.736790, -1.047671, -1.783433, 1.836955, 0.847830, -0.963587, 
 1.835374, 0.448200, 1.385356, -0.268156, -0.478284, -0.135616, 0.345689, 1.527601, -0.083166, 
 -1.916334, 0.514711, -0.615719, -0.278774, -1.264479, 0.652960, -0.104111, 1.786802, 1.351051, 
 0.153422, 0.784230, 0.189693, -1.527639, -0.922987, 0.560553, 0.590723, -0.373805, 1.883715, 
 1.958930, -0.398571, 1.156965, -1.978348, 0.266804, -0.713992, 1.131626, -1.709696, -0.827735, 
 1.774690, -0.720769, -1.346833, -1.011142, 1.479894, -1.568258, 1.189870, 1.351341, -1.076565, 
 -1.483363, 0.522307, -0.270792, 1.966586, -1.778896, -1.907057, -0.980206, 0.820069, 1.262941, 
 0.635455, 0.399081, 1.553992, -0.809635, 0.378998, 1.180888, -1.005009, 1.520452, 1.967794, 
 -0.166515, -1.377061, 0.321958, 1.728997, 0.209309, 0.398671, 0.229962, -0.873867, 1.907362, 
 -0.005325, -1.757232, 1.943797, -1.694526, -0.944421, 0.321549, -1.328263, 0.115996, -1.581608, 
 -1.021543, -0.510474, 1.824744, -1.408230, -1.326905, 0.944181, -1.269561, 0.086659, -0.585015, 
 -1.989810, 0.735847, -0.094469, 1.953970, 0.440005, -1.519681, -0.075583, -0.837880, 0.792403, 
 -0.017977, 1.634832, 1.933260, -1.220996, -0.815099, 0.648511, 1.311312, 0.887051, -0.856287, 
 -0.182918, 0.166481, 0.326686, -1.005832, -0.678787, 0.326189, 0.747014, -1.723006, 0.801775, 
 0.997400, 1.791893, -0.658854, 1.051208, -1.618821, -1.354588, -1.610807, 0.213585, -0.443279, 
 -0.365950, -0.908582, 1.581364, -1.163453, -1.143835, -0.678610, -0.791711, -1.238877, 0.909262, 
 -0.157757, 1.646861, -0.399675, 0.512708, 1.788240, -0.402571, 0.309258, 0.991516, -1.927210, 
 -1.837643, -1.675202, 1.535123, -0.698055, -0.631359, -0.889749, -0.963349, -1.187380, 1.939413, 
 -0.651287, 1.673763, -1.131046, 0.605422, 1.547783, -0.362381, -1.321394, 0.118215, 0.049291, 
 0.071097, -0.556241, 1.082660, 0.876519, 0.359659, -0.782388, -1.952117, -1.279141, 1.600322, 
 -1.746309, 1.222862, 1.794569, 1.110128, -0.493903, 0.836921, -1.526865, 1.350305, 0.020272, 
 0.297093, 0.856497, -1.728278, -0.384000, -0.499809, -0.691334, 0.176206, -1.558217, -1.066830, 
 -1.068668, 0.501385, -1.166234, 0.841132, -1.959305, 1.884568, 1.934228, -0.590410, 1.138982, 
 -0.222854, -0.502767, 1.521424, -1.099862, -1.350541, 1.535153, 1.015391, 0.368711, 0.554508, 
 1.008682, -0.343477, -0.648618, -0.860979, 0.473246, 1.226394, 1.452746, 0.527750, -1.112305, 
 -0.774618, 0.988277, -0.526891, -0.839535, -1.364550, 1.301070, -0.495286, 0.330493, 0.290713, 
 -1.419694, -0.693595, -0.631256, -1.814625, 1.083006, 0.153795, -0.209923, 0.228132, -1.083843, 
 1.707637, -1.522664, -0.198397, 0.716592, -0.663993, 0.464728, 0.005425, 1.589534, -0.310303, 
 1.843707, -0.138744, -1.972720, -0.111269, -0.498160, 1.276143, -0.808936, 0.844772, 1.812678, 
 0.298626, -1.758956, -1.210591, 1.975217, -0.677611, 0.892520, 0.756156, -0.034133, -1.170313, 
 1.867285, 1.115953, 0.906963, -1.392756, -1.792827, -0.295622, 1.696389, -1.734724, 0.162776, 
 -0.419012, 0.891125, -1.414151, -1.414947, 0.607647, 1.270880, -0.048723, -1.115070, -1.170934, 
 1.470511, -1.760905, 0.027181, -1.909079, -0.048418, -1.776567, 1.585075, 0.291929, 1.195588, 
 1.024896, 1.192583, 1.112640, -0.558008, 0.348224, 0.028721, 1.714322, -0.691817, 0.885250, 
 -1.368537, -1.457823, 1.308788, 1.411581, -0.469700, 1.403608, -0.016578, 1.222717, -0.190440, 
 -1.165428, 0.465636, -1.555374, 1.658683, 0.862869, 1.633691, 0.976506, -0.284535, 1.746693, 
 0.351022, 1.034133, 1.788480, 0.489136, -1.832005, -0.796012, -0.075769, -0.607235, 0.942891, 
 -1.765672, 0.840919, -1.112550, 1.853114, 1.479981, 0.714242, 1.916646, -0.226910, -1.081397, 
 1.634464, 1.967990, 0.624430, 1.993827, 0.893077, 0.945658, -1.440113, 1.064765, 1.894943, 
 1.329194, -0.209460, 1.833936, 1.188527, -0.014725, 0.290735, -0.510519, -0.946946, -1.131650, 
 -1.686734, -0.018796, -1.200407, -1.379767, 1.931629, 1.963219, 1.686031, 1.235664, -1.294533, 
 0.032517, 1.950049, 1.151702, 0.231296, 0.533020, -1.212952, -0.258435, 0.020636, -1.051895, 
 1.242456, -1.442278, 1.408813, 0.260677, 1.908546, 0.113194, -1.352670, -0.673183, 1.383196, 
 0.889199, 1.793445, 1.255681, 1.338414, -0.431630, -0.739390, 0.987574, -1.130351, -0.598571, 
 -1.918620, 0.887042, -0.126690, -0.283153, 0.565679, -1.678332, 1.552400, -0.641100, -1.458619, 
 0.852394, 0.571274, 1.748770, 0.288700, -1.044051, -0.875762, 0.049138, 0.890121, 0.346147, 
 -1.894041, -1.379669, 1.301415, 0.026915, 0.029858, -0.206918, -1.215343, -1.265586, 1.036703, 
 -1.542244, -0.607150, 1.688704, -1.314009, -1.957242, -1.518519, -0.549066, 0.807749, 0.959779, 
 -0.203020, -1.751247, 1.386826, 1.789101, 0.794405, 1.719192, 1.719919, 1.582185, -0.731335, 
 1.402880, 0.160316, -1.053407, -0.979594, 1.980120, -0.025908, -1.719049, 0.793847, 1.141714, 
 0.304486, -1.957979, -1.026790, -0.504875, 1.270124, 1.525787, 0.607818, -0.943463, 0.176280, 
 -0.917745, -1.813714, -0.088565, 1.665503, -1.638597, 0.612358, 0.287945, -0.917683, -0.857905, 
 -1.006768, 1.398667, 0.157888, 0.643828, -1.274426, 1.069692, -0.096666, 1.953989, 0.403419, 
 -0.128941, -0.525825, 0.486244, 1.714770, -1.399633, 0.128981, 0.210025, 1.303534, 1.428073, 
 -0.065365, -0.476837, -1.585757, -1.548665, 0.853793, 0.829955, 1.582753, 0.127079, -1.269298, 
 -1.489247, 1.521324, 0.310946, 1.491105, -1.608816, 1.895944, 0.733023, -0.284041, -0.766311, 
 1.896499, -1.901501, -0.747838, -0.725229, 0.388378, -1.175209, -1.726400, -1.080476, 0.252298, 
 -0.664951, -0.808502, 0.413760, 1.679800, -1.875781, -1.581633, -0.962068, -1.795237, 1.502348, 
 0.306720, -1.885403, -0.193832, -0.973785, -1.297510, -0.889633, 0.403514, 1.179907, 1.793135, 
 1.918897, -0.407799, 0.244662, 0.734031, 1.038107, -1.054285, 0.518608, -1.834570, -0.377525, 
 1.742623, -0.800783, 1.564093, -1.205714, 1.466606, 0.435468, 0.946988, -0.392316, 1.247276, 
 -1.125611, -0.257288, 0.153372, -0.982222, -0.438018, 0.615508, 1.870806, -0.579351, 1.015917, 
 -1.280834, -1.964995, -1.162793, 1.052828, -0.656153, 1.651682, 1.584322, -1.560866, 0.695939, 
 1.437787, 1.878839, -0.492018, -1.028764, 1.354214, -1.822542, -0.903066, -1.378062, 0.091698, 
 -0.757206, 0.062949, -1.062427, -1.136827, 1.758314, 0.763952, 0.487522, 0.638885, -0.383804, 
 -1.765975, -1.422033, 1.225490, -0.306631, 1.861674, -0.125446, -1.234666, 0.285119, 0.212764, 
 1.455562, 1.925595, -0.504399, -1.046976, -0.128037, -0.275709, 1.522716, 1.941123, -1.847101, 
 1.478853, 0.048154, -1.588907, -1.803019, 0.528562, 0.808188, 1.017219, -0.036890, -1.614455, 
 -1.611124, 1.828428, 0.075368, 0.438891, -0.302433, 0.869450, -0.877358, 1.982882, 1.594905, 
 -1.353844, -1.663288, -1.529201, 1.737023, 1.729350, 0.062992, 0.704783, 1.406923, 1.919553, 
 0.080212, 1.263824, -1.640663, -0.791456, 0.577940, -1.927224, 1.021990, -1.480080, 0.773812, 
 0.874125, 0.918641, 0.079056, -0.359603, -0.775696, 0.431068, -0.670506, 1.612823, -0.416000, 
 0.952954, 1.314269, -0.357246, -0.123608, 0.126472, 1.172422, 0.067724, -1.085231, 0.648876, 
 -1.332554, 1.770309, -1.774620, -1.832598, 1.309691, 0.252046, -1.181739, 0.730503, 0.022388, 
 0.958028, -1.381709, 1.032209, 0.150496, 0.831210, 1.730711, -0.211928, 1.853705, 0.835680, 
 -1.300917, 0.286575, -1.840363, -1.198350, -1.700737, -1.855062, -0.019868, -1.283511, -0.582393, 
 1.607802, 1.017573, -0.845322, 1.313620, -1.449462, 0.675729, -1.687299, -0.561970, 0.068180, 
 -1.821473, -1.422114, 0.538993, 1.871323, 1.891906, -1.181915, -0.571746, 1.705882, 0.291412, 
 1.904408, 0.011307, -1.976210, -1.049295, -0.710938, 0.109613, 1.582485, 1.753430, -0.769012, 
 1.340155, 1.478752, -1.629530, -0.952033, 0.371962, -0.589929, -0.943890, 1.617965, -0.784677, 
 0.567534, -1.412593, -1.881359, -1.422988, -1.577339, 1.397821, -1.732744, 1.933553, -1.995461, 
 0.700862, -1.606860, 0.555389, -0.459118, -1.874477, 0.386392, 1.371243, -1.270723, 1.909342, 
 1.520759, 0.963944, -0.406224, 0.333905, -1.326236, -1.805624, 1.601272, 1.942149, -1.466865, 
 1.681121, 1.546334, -0.280779, 1.812982, 0.698220, 1.686544, -0.779770, -1.407465, 1.938783, 
 -1.744770, 1.467588, 1.647885, -0.080492, 0.851975, 1.885552, 1.648167, 0.528416, 1.148528, 
 1.565675, -0.032024, 1.214747, -0.201589, 1.805342, 1.250331, 0.038812, 0.638776, 0.388203, 
 0.658213, -0.541706, -1.701316, -0.579629, -0.366944, -0.136457, -0.831790, -0.623565, 1.908617, 
 -0.243694, 1.768971, -0.063744, 1.466570, -1.710074, -0.940299, -0.388963, 1.034552, 0.416115, 
 -0.549302, 1.414574, 1.142857, -1.106293, -0.393735, -1.909267, -0.470356, -0.822543, 0.428082, 
 1.445452, 1.059067, -0.770559, -0.529332, -1.475954, -0.635347, -1.490527, -0.190417, -1.556984, 
 1.910992, 0.276087, 1.250645, 1.398112, 0.180625, -1.350263, 1.166120, -1.738393, -1.048256, 
 0.400890, 1.209579, 1.694816, -1.461813, 1.707145, 1.003825, 0.279752, 1.011705, -0.246076, 
 0.266140, -0.271432, -1.159935, -0.909094, 1.989708, -1.046465, -1.521881, 0.702800, 1.034552, 
 1.355247, 0.983566, -1.903072, 1.658383, 1.422751, 1.427638, -0.806226, 1.915412, -1.103414, 
 0.577145, -1.076952, 0.325075, -0.133481, 0.492750, -0.257473, 1.433114, 1.623696, -1.067899, 
 -0.428323, 0.458175, -0.490601, 0.472258, -0.267368, 1.665114, 1.833696, -1.771899, -1.778329, 
 -0.242144, -0.209715, 0.940477, -0.642669, -0.705339, 1.488959, -0.493328, 0.838779, 0.391035, 
 -0.925569, 0.341542, -0.135649, 1.137961, -0.850790, 0.294803, -1.589556, 0.011288, -0.343390, 
 0.115757, 0.861989, 1.578170, 0.188750, -0.593808, 1.556530, 1.297998, 0.402576, -1.417520, 
 -0.867258, -1.804543, 0.545924, 1.709691, 0.159080, -1.781934, -1.534354, 0.901613, -1.777168, 
 0.110221, -0.742959, -1.379702, 0.338082, -0.452146, 1.812027, 1.492207, 0.401264, -1.959680, 
 -0.479364, 1.846969, -0.990042, 1.718822, 1.870792, -0.926691, -0.236090, 0.351918, 1.884783, 
 -0.532464, 1.392729, 0.674268, 1.585357, 1.528444, 0.863732, 1.789883, -0.177944, -0.357646, 
 0.231155, 0.522498, 1.584318, 1.854148, -1.068994, 1.313292, 1.485905, 0.754645, -0.292036, 
 1.374499, 1.340567, -1.976758, -1.733252, -0.763325, -0.772337, 0.001234, 1.691542, 1.291885, 
 1.862908, -0.865405, -0.174223, -1.742378, -0.111549, -0.434743, -1.945514, 0.355910, 1.336543, 
 0.254782, 0.286618, 1.460611, 0.779708, -1.856556, 1.382029, 1.448178, 1.724681, -0.592950, 
 1.933477, 1.075881, 0.438649, -1.333311, -1.538219, -0.750568, 0.617066, 1.075463, -0.299388, 
 0.990655, -0.463922, 1.065345, 1.320922, 1.387988, 1.975924, 0.623630, -0.667774, 1.932715, 
 0.515879, 0.489030, 0.532452, 0.917874, 1.404609, -0.620314, 1.562376, -1.050855, 1.432003, 
 0.176139, -1.818795, -1.978864, 1.732429, -1.813430, -1.327468, -0.827794, -1.522935, -0.882270, 
 1.568161, 0.137569, 1.876993, -0.601132, -0.998442, 0.345497, -0.502603, 1.224489, -1.214734, 
 -0.896108, 1.398534, 1.431733, 1.569117, -1.148740, 1.080514, -0.164459, 1.776942, -1.499300, 
 0.836140, -1.508867, -0.051167, -0.723932, 0.359529, -0.269144, -0.545985, -1.241591, 0.782999, 
 -0.756765, 1.770219, -0.422988, 0.723495, 0.741512, -1.502306, 1.644781, 1.152632, -1.858708, 
 1.650094, -0.595761, 1.312188, 1.741092, 0.889808, -0.891817, -0.924698, 1.901128, 0.500474, 
 1.545319, 1.806316, -1.847595, -1.009500, 1.827193, -0.271659, 0.389355, -0.655198, 0.350258, 
 -1.214006, 1.300440, 0.118840, -0.799825, -1.226199, 1.006132, 1.193360, 0.779389, 0.815721, 
 -1.818274, -1.586939, -0.806145, -1.177114, -0.499635, 1.926025, -1.903723, -0.700078, -0.172208, 
 0.083512, 0.802063, 1.382479, 0.811164, 1.114341, -0.800044, 1.624092, -0.660155, 0.203487, 
 -1.774240, 1.430536, -1.172150, 1.876674, -1.269882, -0.197637, 1.897237, 1.631350, 0.443932, 
 1.626307, -1.622463, -0.166814, -0.418097, -1.363854, 0.099633, -1.371806, -1.457456, -1.096812, 
 -0.714956, 1.400657, -0.837846, -1.391477, -1.171878, 0.656918, 1.822316, 0.579515, -0.083807, 
 -0.673855, 0.883621, -1.747047, 1.648521, 0.983783, 1.923281, 1.896870, 0.227849, 0.421772, 
 -1.306251, -0.288547, 0.612696, -1.871758, -0.097205, -0.279056, -1.728567, 1.071939, -1.061211, 
 -0.699326, 0.091262, -1.595404, -1.431734, 1.299976, 0.070557, 1.796872, 1.336617, -1.427793, 
 1.812520, -0.848740, -0.517164, 0.794487, 0.176777, -0.330452, 0.608695, -1.946231, -0.832236, 
 0.910045, -1.051666, -0.886975, -1.180302, 0.180673, 1.278735, -1.855606, 1.848172, -1.637967, 
 0.398489, 1.329652, -0.473702, -1.193342, -1.594718, 1.825399, 1.002054, 1.532872, 1.984584, 
 -1.010274, 1.204578, -1.834704, 1.330941, 0.333994, -0.680968, -0.466979, -1.466692, 1.242016, 
 -1.352166, 1.617654, -1.171679, -1.784207, 1.290284, 1.530727, 0.362915, -0.258928, 1.712817, 
 -1.832201, 0.002640, 1.443969, -0.150442, -0.885289, -0.167411, -0.193567, -0.392864, -0.078285, 
 -0.904559, -1.114058, 1.447229, -1.460358, -0.680355, -1.752903, -0.059844, -1.029684, -0.431931, 
 1.287132, 0.842758, -0.447709, 1.816523, 1.395235, -0.835263, -0.202030, -0.501429, 0.743331, 
 0.778842, 0.392922, -0.448775, 0.311512, -1.692192, 0.007367, -0.426920, -1.801562, 0.393686, 
 -1.239499, -0.703857, 0.536847, -0.620702, 1.920783, 0.885760, -0.386731, 1.559160, 1.688635, 
 -0.644473, -0.483935, 1.682149, 0.024723, -1.248947, 1.577877, -0.988191, 1.060807, 1.700973, 
 1.998138, -1.582276, 1.499577, -1.437239, -0.445870, -1.936712, 1.883888, 1.252986, -0.637015, 
 -1.421454, -0.961136, 1.829162, -0.746272, 0.822416, -1.496214, 1.843352, 1.015621, -1.795043, 
 -0.078475, 0.586003, -1.712877, 1.358007, -0.807108, -1.976885, -0.145096, 0.265870, -0.189796, 
 0.177411, -1.615878, -1.021442, 0.827877, -0.352868, 0.786031, 0.895783, -0.380172, -1.593218, 
 0.900229, -0.664859, 0.005733, 0.606727, 0.523447, 1.989823, 1.362713, 0.221754, -1.959550, 
 1.718549, 0.468944, -1.075477, 1.394243, -0.802046, 1.562325, -1.839962, -1.433216, -1.186863, 
 -1.842949, 0.757746, -0.055439, 1.880810, -0.483157, 0.423386, -0.428191, -0.970339, 0.691679, 
 -1.132452, 1.464680, 0.682811, 0.091230, -0.824832, 0.798419, -1.355212, 0.780523, 1.150147, 
 -1.059790, -0.154519, -0.595138, 0.875615, 0.275135, 0.413738, 0.319471, 0.586369, 0.168873, 
 1.339492, -1.809631, 1.066577, 0.444563, 1.421737, -1.696455, -0.129048, -1.800713, 0.909290, 
 -0.159646, -0.628994, -0.743940, 0.179950, 1.465021, -1.361768, 0.067961, 1.916647, 1.989034, 
 1.964723, 0.046488, 1.412778, -1.296149, -1.924768, 1.422725, 1.972175, -0.117424, 1.193549, 
 1.280619, -0.140027, 0.017598, -1.343753, -0.810385, 1.345693, 0.781213, 1.028389, -0.771345, 
 -1.987454, 0.867776, -0.182722, 0.139601, 1.603821, -1.749434, 1.856563, -1.077057, 1.153135, 
 -1.323800, 0.452805, 0.511359, -1.804798, 1.611952, -0.865120, -1.831370, 0.088852, -0.354191, 
 0.489931, 0.924343, -0.583281, -0.166550, -1.985707, 1.265816, -0.404544, 1.803319, 0.865903, 
 -0.910473, 1.641202, -1.392880, -1.640801, 0.300767, 1.485314, 1.510858, -1.048958, 1.076160, 
 0.262022, 1.246804, -0.232579, -0.296602, 1.266058, 0.801845, -0.410512, 1.096261, -0.975388, 
 -1.224756, 1.549173, -0.106987, 1.123160, -1.074492, -0.982450, -0.035868, -0.671505, 1.863019, 
 -1.599151, -0.005762, 0.955741, -0.577786, 1.192432, -1.916921, 0.062136, -1.514257, 1.049603, 
 -1.569391, 1.647732, 1.111238, 0.880096, -1.324955, 0.229466, 1.208339, 1.541699, 1.359836, 
 0.889711, 1.633589, -1.364198, 0.966019, -1.912633, 0.448439, -0.243940, 1.355112, -1.084748, 
 0.592293, -1.760130, -1.675593, -1.300062, -1.958561, 1.733411, 0.473384, -0.699112, -1.556687, 
 -0.047656, -1.447951, -0.800826, -1.234474, 1.427663, 0.330514, 0.450851, -0.264566, 0.032235, 
 0.962337, -0.641481, -1.527364, 0.492256, 0.640178, -1.819354, 0.626872, -0.803641, -0.736115, 
 1.596799, 0.998025, -0.374536, -0.575344, 0.176791, 0.081103, -0.049921, -1.551628, 0.521787, 
 1.363337, -0.907955, -0.542460, 0.388057, 0.767251, 0.572906, 0.436898, 0.139700, -0.590835, 
 1.460714, -0.488438, -0.862471, -1.293345, 0.233378, -1.960606, 1.071361, -1.948768, 1.305046, 
 -1.880067, 1.030348, 0.461581, -0.784398, 0.602537, 0.146732, 0.583499, -1.944952, 0.227404, 
 0.139085, 0.424377, 0.140049, 1.711757, 0.354284, -1.129259, 0.167577, -0.944613, -1.526802, 
 0.021718, -1.353633, 1.275854, 1.295289, -0.283533, 0.486318, -0.331080, 1.944680, -1.384653, 
 1.393904, -0.183737, 0.883397, -0.759547, -0.430271, -1.517356, -1.016876, 0.980165, 1.833383, 
 -1.089790, 0.969698, -0.849926, 1.864231, 1.081959, -1.965372, 0.625369, -1.873114, 0.467060, 
 0.042808, -1.270180, -0.219749, 0.993271, 0.329385, 0.265965, -0.218543, -1.448651, -0.956258, 
 0.022277, 1.825183, 1.727457, 0.945627, -1.215704, -0.526483, -0.652877, -0.825909, -1.860308, 
 -1.345720, -1.936286, -0.408154, -0.064673, 1.527309, 1.712516, -1.587891, 1.735581, 1.318098, 
 1.568865, 1.095918, 1.683334, -1.158514, -0.575289, -1.003119, 0.542701, -0.238873, 0.347906, 
 1.312449, 1.879519, 0.194627, -1.964095, -1.603203, -0.102532, 1.265733, 0.704366, -1.811603, 
 -0.201705, 1.288474, -1.777617, -1.945241, 0.954963, -1.879949, 1.995979, -1.512156, 0.509648, 
 0.941797, -1.461511, 0.282211, 0.128590, -0.213790, -1.377860, 1.080171, -1.361217, 1.476358, 
 0.330407, 1.948068, 1.726663, 0.901727, -1.998766, -1.067439, 1.598372, -1.005326, -1.121429, 
 -1.006793, 0.564289, 1.540020, 1.706023, -0.190557, -0.252070, -0.489111, -1.004900, -0.369905, 
 0.816120, 0.065866, -1.436875, 1.637302, 0.872379, -0.923067, -0.456678, -0.102192, 1.028782, 
 -0.440776, 0.315672, 1.161945, -0.100406, 1.588167, 1.807451, 0.621861, 0.862598, 0.657745, 
 -0.142515, -1.936632, -1.023298, 0.263536, 1.137114, -0.098443, 1.880941, -0.599291, 1.601738, 
 -0.166602, 0.398937, -1.337950, 1.523488, 0.597926, 0.228006, 1.932705, 0.095846, -0.267722, 
 0.775320, 1.026669, 0.262687, 0.364144, 1.513457, -0.697381, -0.062694, -0.655633, -1.473214, 
 -0.498907, -1.142056, -1.272975, -0.140364, 1.743425, 0.541117, 0.003004, -1.894100, -0.209859, 
 1.617185, 0.387476, 1.648902, -0.789588, 0.203041, -1.988020, 0.296216, -0.821409, 1.371640, 
 -1.340586, 1.375830, -0.725038, -1.110648, -1.729804, -1.127735, 1.629707, 0.790378, 0.948926, 
 -1.831142, 0.872406, 0.034219, -0.752720, -0.999007, 0.352460, 0.018676, 1.990234, -1.374781, 
 1.617980, -1.967764, -1.594644, -1.447769, 1.491016, -1.930479, -0.386823, 0.640574, 0.438016, 
 0.787467, 1.183844, -0.968486, 1.901090, -1.636212, -0.170558, -0.946607, 0.362755, -1.237319, 
 0.496370, 1.845827, 1.748860, 1.731403, 0.425136, 1.952158, 0.014822, -1.346791, 0.752723, 
 1.737141, 0.946482, 1.358619, 0.437997, 0.731977, 0.401413, -0.268869, 1.749051, 1.788523, 
 -1.887691, 1.448438, -1.299052, 1.925988, -0.591982, 1.028861, -0.230895, -1.833726, 0.677288, 
 1.969949, -0.755920, -0.637115, 1.814973, 0.562597, -1.130961, 0.584843, -0.181482, 1.800327, 
 1.807357, 0.275817, 0.457358, 0.614337, 1.140322, 0.292146, 0.713484, 0.629176, -1.309337, 
 1.403675, -1.340027, -0.380850, -1.405389, -1.155801, 1.006986, -0.965240, 1.423901, -1.099485, 
 -0.410051, -0.574631, 0.069762, -0.908707, 0.528966, 0.964265, -1.920492, 1.720750, -0.722947, 
 0.203093, -1.814529, 0.134124, -0.971667, -1.709020, -0.838935, -1.569636, 0.866902, 1.750974, 
 0.596752, -0.715891, -1.317513, 0.942838, 0.718135, 0.001145, 0.726840, 1.959413, 0.490088, 
 -1.894153, 1.574287, 1.915419, -0.143793, 0.484931, 0.590183, -0.459681, -1.211313, -0.396156, 
 -1.765165, -0.525677, -1.148584, -1.144783, -0.610267, -1.964863, 1.210560, 1.597434, 1.935589, 
 0.720794, -1.499623, -1.322193, -0.853799, -0.159798, -1.935551, 1.606489, 0.149390, -0.951263, 
 0.456623, -0.337870, 1.025646, 0.695133, -0.770084, -1.564352, 1.798150, -0.564270, -1.859275, 
 -0.680008, 0.531174, -0.589412, 1.616723, 0.150800, -1.505345, 1.062776, -1.254139, -0.582847, 
 -1.930605, 0.605470, -0.888511, 0.178209, -0.174494, 1.296846, -1.242081, 0.137591, -0.746175, 
 0.883597, -1.027415, 1.395664, -1.720528, 0.473210, -0.574268, -1.144658, 0.287012, -0.665132, 
 -0.109318, -0.559575, -0.459908, -0.943142, 1.183923, 1.431140, 0.293626, -0.743609, -1.276253, 
 0.501831, 1.399842, 1.660091, 1.412205, 0.896717, 1.044998, 1.430480, -0.141245, 1.998532, 
 0.328765, 1.882663, -1.387970, -1.995449, -1.844364, -0.302949, -0.711498, 1.162109, 0.050526, 
 -0.508115, 1.304832, -0.203408, -1.297769, 0.449191, 1.026878, -1.487055, -0.546798, 0.543875, 
 0.095468, -1.668236, -0.109770, 0.593040, -1.144921, 0.179855, -1.794083, 1.412914, 0.992526, 
 1.363215, -1.273669, 1.682252, -1.746375, 1.543384, -0.484882, 1.716086, 0.696917, -1.857072, 
 -0.944601, 1.990506, -1.961785, 0.222188, 1.771827, -0.005271, 0.206970, 0.369528, 1.361851, 
 1.339880, -0.737684, 0.637291, 1.100667, 0.408672, -0.757746, 0.187528, -0.539534, 1.728360, 
 1.675838, -0.068235, -0.909120, -0.873295, -1.972331, -1.617963, -0.041464, -0.224796, -1.571042, 
 -1.389902, 1.668978, -0.440081, 1.985445, 0.472744, -1.091561, -1.197083, 0.293407, -1.750595, 
 1.108845, 1.302470, 1.109728, 1.739700, -0.597398, -1.139292, 1.190888, 0.246269, -1.189555, 
 1.914931, 0.653793, 1.777936, -1.283972, 0.661500, 1.632605, -0.723827, -1.180374, -1.222298, 
 0.062535, -0.743539, 1.756699, 1.507176, 0.207361, 0.358837, 0.975616, 0.936158, -0.918645, 
 -0.359875, 0.696276, 0.743273, 0.083488, -1.560610, -0.647324, -1.087546, -0.957464, -1.842170, 
 -1.254167, -1.192613, 1.179794, -1.033946, -1.118292, 0.876503, 0.122753, -1.404742, -1.131256, 
 -1.782427, -1.326830, -1.074741, 1.091032, -0.957264, 1.309206, 0.569505, 1.576938, 0.892361, 
 -0.857633, 1.702477, 0.513995, 1.588971, -0.778623, 1.282384, -0.135452, -0.301886, -1.824466, 
 -0.402339, -1.960879, -1.298573, 1.594332, 0.244064, -0.589368, -1.379941, 0.805183, 0.838035, 
 -1.176029, -1.225953, -1.679699, -1.906448, -0.959411, 0.078603, 1.692624, 0.011899, 0.830560, 
 1.385266, 0.181728, 1.201401, -0.503771, 0.551244, -0.717541, 0.396451, 1.912982, -0.847872, 
 -1.794712, 1.843666, 1.593519, 1.792442, 1.693721, 0.581662, -0.640885, 0.739222, 1.829922, 
 0.718325, 1.196204, -1.880877, -0.138282, 1.528602, -0.883394, -0.778199, -1.614397, -1.049451, 
 -1.293954, 1.704887, 0.950585, 1.368840, 0.587777, 0.691377, 1.392615, 0.846016, -0.423474, 
 0.537606, -1.263815, 1.859607, 1.032286, 1.572530, -1.192388, -1.457521, -1.550005, -1.537687, 
 1.388540, -0.825457, 1.286020, -1.514074, 0.299179, 0.493652, 1.177682, 1.549509, 1.386376, 
 -0.946144, 0.254580, -0.566783, 0.533624, 1.750159, -0.626883, -0.187883, -1.070494, 0.982865, 
 0.675451, 0.237031, -0.257647, -1.584572, -1.320551, 1.414565, -0.181116, -0.265463, -1.197662, 
 0.996130, -1.608506, -0.679272, -0.614870, 1.135945, 1.453832, 0.103527, -1.611466, 0.900402, 
 0.950032, 0.463616, -0.231877, 1.830380, 1.679963, 1.369841, -1.781168, 0.552312, -1.688808, 
 0.093280, 0.968622, 1.573991, -1.711430, 0.146029, -1.921343, 0.953880, -0.873413, -0.379454, 
 0.534573, 0.395348, 1.118962, -0.740257, -1.972823, -0.813709, -1.331780, -0.569638, -0.733270, 
 1.757073, -0.077111, 1.760010, 1.908161, 0.561437, -1.159911, 1.973237, 1.955302, 1.640780, 
 -1.402393, 0.717150, 1.776666, 0.358553, 1.595516, 0.643841, 1.323915, -0.073410, -0.073007, 
 -1.598101, 0.398389, -1.809736, 1.960780, -0.671047, 0.511500, -1.169194, 0.716540, -1.513383, 
 -1.741380, 1.698977, -0.004753, -0.678248, -1.834120, -0.377567, 1.869447, 1.032621, -1.965885, 
 0.651882, -1.972617, 0.004713, 0.936180, 1.297921, 1.572131, -1.787495, 0.596272, 1.572386, 
 -1.423674, -1.599183, 0.509819, 0.266075, 1.496371, -0.651199, -0.059559, -1.662580, -1.807821, 
 -0.376800, -1.480298, -1.404105, -1.751922, 1.106163, 0.325843, 1.188211, -1.484218, 1.409928, 
 -0.218295, 1.414352, 1.697904, -1.939552, -1.851939, -0.486910, 0.930458, -1.424219, 1.437380, 
 -1.065577, -0.701222, -0.428474, 0.748318, -0.278814, -1.699084, 0.740224, 1.695538, -0.468786, 
 -0.703060, 1.823486, 0.578085, -1.493048, -0.379834, -0.275612, -0.662263, -0.434297, 1.993830, 
 1.104733, 0.613022, -1.864535, 0.166197, 0.323846, -0.999047, 1.076218, 0.144521, -1.334730, 
 -0.442426, 0.281058, 1.377136, 0.734364, 1.076788, -0.268883, -0.629480, 0.236907, -1.146904, 
 0.021420, 0.919324, 0.415636, 0.722086, 0.087169, -0.318637, 1.824880, 1.762912, 0.168690, 
 0.835790, -0.732753, 0.742019, -0.877637, 1.278098, 0.515457, -0.373692, 0.312739, 0.265258, 
 -1.823596, 0.558349, -1.350317, 1.067924, -0.458053, 1.849924, -1.323038, -1.803795, 1.016435, 
 0.737102, -0.149524, 0.195737, 1.392754, -1.190346, -1.681232, 1.911304, 1.148810, -0.244977, 
 1.951987, -1.262716, -0.946341, -1.389200, -1.691653, -0.844561, -1.521645, -1.631285, -1.197364, 
 -0.144476, -1.933598, -0.420082, 1.822360, -0.676083, 0.847365, 0.027886, 0.340440, 1.058186, 
 -1.563508, 1.355913, -0.937909, -1.587797, -0.775669, -1.684180, 1.634693, 0.179931, -0.284606, 
 0.155065, 0.406661, 0.098664, 1.767323, 1.973866, 1.993480, -1.828649, 1.898132, -1.244811, 
 -1.195927, 1.678827, 0.763027, 0.511582, 1.120440, 0.325451, 1.412069, 1.274788, -0.969512, 
 1.369664, 1.589379, -0.529594, -1.818059, 0.508583, 0.661246, 0.676929, -1.409285, -0.831029, 
 -1.440467, -1.571199, 0.363049, -0.365674, 1.614476, 1.488800, -0.634951, -0.132901, 1.139441, 
 0.698930, 0.610858, 1.140445, -0.972711, -1.207513, -0.434115, 0.935743, 0.809460, -1.053298, 
 -1.269189, -0.613703, -0.127393, 1.595302, 0.200385, -1.095863, -0.963471, 0.026808, -0.531523, 
 1.647441, 0.615590, -1.851930, 0.008664, -0.855593, 1.116986, -1.848642, -0.610773, -0.834535, 
 -1.487778, -1.673031, -1.189127, 1.961164, 1.845427, 1.439362, 1.011544, 1.869419, -0.886473, 
 1.737944, -1.733110, -1.588545, 0.723363, -1.148308, -0.003503, 0.323408, -1.372342, -0.241755, 
 -0.079087, -0.365409, -1.741100, -1.113910, 1.889950, 0.092964, -1.490953, 1.698573, 0.826990, 
 0.628192, 1.443210, 0.034052, -0.462187, -0.643748, 1.122093, 0.087840, 0.205962, 1.355643, 
 0.248829, -0.069491, 1.244714, -0.777292, -0.715259, -0.442222, -1.775858, -0.331346, -0.866363, 
 -0.362133, 0.668865, -1.783920, 1.677879, 0.746873, -0.210570, 0.258131, 1.102506, -0.469988, 
 1.498787, -0.105277, 1.101894, -1.374923, 1.783511, -0.173216, 1.327081, -1.242202, 1.447812, 
 -0.460631, 1.054045, 0.315012, 1.493729, 1.630011, -1.152932, -1.401822, 1.811013, 0.914712, 
 -1.341540, 0.220976, 0.015881, 1.117904, -0.922382, -0.086398, -1.703219, -0.206583, 0.224068, 
 0.709564, -1.173407, -0.792710, -1.102319, -0.292711, -0.049406, -0.917985, -0.111794, 1.653442, 
 1.087179, -0.278083, 0.431144, -0.670931, -0.193562, -1.084289, -1.701253, 0.113267, 1.328922, 
 0.709224, 1.099374, 1.892066, 1.703391, -1.464319, -0.250918, -1.727276, -1.491249, 0.468839, 
 0.705857, 1.788227, 0.830285, -1.788729, -0.255527, 0.643133, -1.436667, -0.005204, -0.657501, 
 -0.576326, 1.982194, -1.043836, -0.738854, -0.604746, -1.271359, 0.872347, -0.905970, 1.576524, 
 0.202392, 1.209884, -0.833374, -1.861035, -0.909804, -1.131564, 0.105365, -0.122732, 0.261835, 
 -1.430656, 1.479264, -0.748631, -0.459159, -0.575796, 1.340102, 0.622998, 0.626608, -0.991007, 
 0.339091, 1.730085, -1.045579, 0.155237, -1.580363, -0.683962, -1.921634, 0.125094, -0.824485, 
 -1.419685, 0.796900, 0.395260, 0.650779, 0.318646, -0.826064, 1.280455, -1.466292, -1.205479, 
 0.753966, 0.721192, 1.077969, 1.809091, 1.440084, 0.017138, 1.847212, 1.511085, -0.233404, 
 -1.130776, -1.790977, 1.647027, 1.483497, -1.982419, 0.636753, -0.325940, -1.315683, -0.129990, 
 1.384824, 0.865554, -0.542320, -0.645780, 1.520146, 1.877022, 1.773995, 1.096440, -0.822265, 
 0.060047, 1.169407, -1.083111, -0.855191, 1.384570, -0.244529, -0.507330, -1.417165, -0.993906, 
 0.790802, -1.962910, 0.274162, -0.034707, 0.376419, 1.433500, -1.130975, 1.928863, 0.924042, 
 1.210681, 0.097548, 0.212474, 0.042363, -1.980164, -1.864073, 1.377305, -0.604900, -1.524789, 
 -1.269930, 1.817567, 1.174431, 0.814982, 1.209575, -1.559804, 0.357765, -0.910383, 1.858072, 
 0.836044, 0.905578, -0.616709, -0.893158, 0.886725, 1.994711, -1.680393, 0.090321, -1.559347, 
 -0.391739, -0.245368, -1.292606, 0.421219, -1.944539, 0.203124, -0.267197, -0.036028, -1.040264, 
 1.857916, 1.668346, -0.405852, -0.851335, 1.151870, -1.293521, -1.287673, -1.066075, 0.480177, 
 1.406724, 0.199462, -1.456430, -0.343513, 1.390777, -0.292457, 0.028259, 1.691803, -1.529914, 
 -1.749102, -1.388497, 1.835974, 1.870860, 0.954907, -0.553241, -0.271020, -1.356636, 0.438278, 
 -1.262376, 1.111612, 0.001268, -0.836230, -1.119831, 0.554158, -1.207418, -1.620061, -1.166276, 
 1.985965, 1.809670, -1.782582, 0.316377, -1.938999, -0.784880, 0.560392, 0.291967, -0.953109, 
 -0.444942, -0.903045, 1.417565, 1.510703, -1.240963, -1.627112, 0.872329, -0.926946, -1.450993, 
 -0.423870, 1.171777, 0.356036, -0.662282, -1.363923, -1.183850, 0.176968, -1.607714, -0.645217, 
 -0.905491, -0.738561, 1.121167, -0.611021, -0.737842, 0.068539, 0.850025, 1.660344, 1.283109, 
 0.875121, 1.044073, 0.039706, 0.532311, -1.478561, 0.210293, -1.497957, -0.982883, -1.836496, 
 -1.755715, 0.402160, 1.788349, -0.357229, 0.747727, -1.610770, 1.450841, 0.762679, -0.847427, 
 -0.691806, -0.529110, 0.042923, -0.560350, -0.893692, -0.341825, 1.479580, 0.728598, -1.032403, 
 -0.269699, 1.201931, -1.395106, 0.572967, -1.552436, -1.021236, 0.070858, 1.810192, -1.676767, 
 0.715439, 0.031004, 1.159171, 0.083417, 0.151293, -1.743027, -0.191222, 0.723508, 1.577827, 
 -0.393170, -0.951993, -0.844608, 1.386728, -0.301400, -0.121942, -0.107675, 1.033304, 1.226832, 
 -0.160815, 0.052587, 0.037107, 0.231431, 1.278567, -0.083497, 0.770218, 0.916182, 1.005025, 
 -0.757787, -1.449663, 1.532646, 0.041039, -1.986646, -1.166609, 1.217833, 1.692240, 1.580560, 
 1.351636, 0.963397, -1.658909, -0.002665, 1.777548, -1.893243, -0.196684, 1.367403, -1.180894, 
 -1.429335, 0.369048, -0.221160, 0.393763, -1.348317, -0.324305, -1.872454, -1.041683, 0.453475, 
 1.049385, 1.463696, 0.240921, 0.783715, -0.149260, -0.321927, -1.357965, 1.675304, -0.118767, 
 0.616604, 0.345692, 0.309912, 0.257645, 1.400035, 0.188082, 0.421325, 0.557064, -0.275636, 
 -0.285880, -1.558884, -1.761993, 1.557677, -0.287863, 1.488111, -0.472301, 0.114520, 1.526813, 
 -1.352746, -0.744103, 0.257385, 0.481298, 1.191503, -1.845048, -1.107481, -0.450353, 0.954504, 
 0.833036, 0.412477, -1.867111, 1.964261, -1.031455, -1.016177, 1.792580, -1.594844, -0.647597, 
 -0.466175, -1.570703, -1.494425, -0.070744, 1.202818, 1.724936, 1.363030, -0.817143, 0.206968, 
 -1.957379, 0.327125, -0.753114, -0.694603, -0.693159, -0.507160, 1.509579, -1.078565, 0.104323, 
 1.176354, 1.344449, 0.045568, 0.861412, -0.174615, 0.250679, -1.540731, 0.416873, 0.999205, 
 -1.915213, -1.329393, -0.792705, 1.845877, -1.241637, 1.929718, 0.042425, 1.782741, 0.010504, 
 -0.666628, -0.034637, -0.349167, 1.395906, 1.216794, 1.432929, -0.367869, -0.103054, 1.536396, 
 1.305873, -1.493481, 1.980191, 0.621015, -0.281064, 1.538171, 1.352529, -1.880850, -1.444407, 
 -0.482860, -1.515363, 1.751625, -0.904512, -0.340705, -1.722664, 1.978108, -0.039911, 1.058743, 
 -1.629973, -0.896079, -1.811248, -1.456408, 0.280923, 0.365945, 1.854354, -1.551745, 0.303262, 
 -1.543190, 0.826661, 1.351883, -1.990535, -1.239940, 0.851226, -1.261525, -0.414645, 1.238776, 
 0.950242, 1.966339, 1.977329, -1.254836, 1.847942, 1.834255, -0.216118, 1.028278, -1.065141, 
 0.459157, 1.956405, -0.578253, 0.638927, -0.902835, 1.565159, -0.977246, 1.106897, -0.054867, 
 -1.091776, -0.326596, -1.225367, -1.307172, -1.536781, 1.803892, -1.014320, 1.090853, -0.426329, 
 -0.052906, -0.123467, 1.800119, -1.687900, 0.469099, 0.795845, -1.926400, 1.691857, -0.318603, 
 -0.376886, 1.231886, 0.788263, -0.813205, -1.574569, 1.984882, -0.540381, -0.710998, -1.860210, 
 -0.839109, -0.828145, -0.100798, 1.096674, -1.003043, -1.122713, 0.682996, -0.815270, 0.624424, 
 -0.863507, -1.067918, -0.497400, -0.778911, 0.106270, 0.605642, 0.759741, -1.647960, 1.687486, 
 -1.379580, 0.213137, 1.378608, 0.454747, 0.058114, 1.943488, -1.427399, -1.173251, -0.305945, 
 -0.559050, 0.860134, 0.113965, 0.324039, 0.911570, -0.439859, -0.895410, 1.266265, 0.378600, 
 -1.875955, -1.500461, -1.910219, -0.732389, -0.522853, 0.271518, 1.338464, 1.024722, 0.004337, 
 1.614247, 1.990227, -1.519054, 0.231445, -1.989269, -1.746797, -0.648943, 0.382298, -0.870302, 
 -0.341188, -1.209669, 1.426173, 1.441685, 0.104647, -1.530825, -1.923811, 0.450582, -1.543601, 
 -0.819354, 1.376866, -1.167631, 1.256090, -1.650816, -1.012373, 0.761680, 1.465049, 0.158257, 
 0.932249, 1.687857, -1.170888, -0.990095, -0.123588, -1.638190, 0.212520, 0.224589, 0.053111, 
 0.110387, 0.205700, 0.014761, 0.933725, -1.874069, 1.104797, -0.577736, 0.045682, -0.163632, 
 -0.637651, 1.923446, 1.690846, -1.730086, 1.016702, -0.450103, 0.457930, -1.814347, 0.327265, 
 -0.774795, -0.178470, -1.876650, -1.414794, -0.127346, 0.526873, 0.735211, -1.680867, -0.568255, 
 -1.193418, -1.031861, 1.714706, 1.135761, -0.928593, 0.057513, -0.229369, -0.700244, -1.956803, 
 1.885089, 1.211245, -0.008252, 1.770122, 0.525410, -1.623941, 0.240438, 0.827801, 0.143343, 
 -1.472138, 1.419716, -1.449949, -0.523799, 1.776971, -1.965326, 1.765561, -0.078376, -1.372756, 
 -1.355538, 0.905160, -1.137042, -1.152010, 0.024697, 0.245180, -1.124133, 1.492622, 1.444450, 
 -0.005084, 0.560032, 0.600147, 0.243248, 1.842823, 0.940699, 0.474049, 0.876801, 0.157822, 
 -1.877259, 0.419899, -1.411151, 1.613732, -0.342294, -1.098946, -0.253712, -1.010691, -1.676035, 
 0.109304, -1.431450, -1.723766, -1.859367, -0.207907, 1.655774, -1.654483, 0.851082, 0.014940, 
 0.706262, -0.668289, -0.747362, 1.700712, -0.206148, -1.556613, 0.964545, 0.559092, -0.591407, 
 -1.269735, -1.575525, 1.864310, 0.859614, 0.550618, -0.829247, -1.041486, 1.523510, 0.276976, 
 0.571871, 1.525520, 0.766688, -0.265172, 0.772677, -1.622765, 0.147385, 0.981698, 1.219620, 
 -1.077429, -1.537390, -0.861774, 1.300106, -1.182103, -0.087111, 0.622939, 0.687958, -0.847683, 
 -1.646183, 1.777476, 0.412258, 0.650814, 1.957210, -1.229587, -1.213280, 1.325120, -1.192585, 
 -1.650014, 0.783008, -0.124641, -1.843758, 1.236268, 1.169829, 1.268280, -1.690958, 1.712809, 
 0.480213, -0.940047, 0.455371, 1.662727, 0.294304, 1.850403, -0.078492, -1.043641, 1.894694, 
 -1.029583, 0.537040, 0.438907, 0.411011, -0.889534, 0.081345, -1.115274, -1.443996, -1.544018, 
 -1.265055, 0.894466, 1.995132, 0.883416, -1.508004, -1.013477, -0.848953, -0.672609, 0.685614, 
 1.552675, -1.776273, 1.163883, 1.400295, -0.547404, -0.022758, 0.411729, -1.761087, 1.881304, 
 0.838082, 1.759833, -0.816662, 0.335456, -1.484597, 0.827838, -1.886980, 1.015678, 1.550844, 
 -0.985248, -1.107069, 1.657087, 0.160525, 0.347140, 0.129501, -1.891396, -1.862080, 0.081805, 
 0.854075, 0.248320, -0.944975, 1.860264, -1.252001, -1.697361, -1.678493, -0.172757, 1.682412, 
 0.006874, 0.810289, 0.963933, 1.230794, -1.034687, -0.214110, 1.932586, -1.345292, -0.665646, 
 -1.502583, 0.947656, 1.676057, -0.153150, -1.962686, 1.934131, -0.900016, 0.610505, -1.376755, 
 1.736368, 1.876847, -0.799890, 0.991919, -0.405861, 1.466728, 0.133835, 1.005286, -1.830988, 
 -1.983131, -1.903797, -0.602149, 1.604331, 1.541181, -1.182661, -1.470493, 0.637920, -1.224431, 
 -1.244440, -0.944721, 1.478497, -0.487358, -0.119605, -0.816381, -1.288677, 1.193892, -0.078552, 
 -1.805611, -0.102586, -0.556792, 0.002740, 0.109582, 0.974983, -0.574727, -0.641790, -0.962369, 
 -1.510649, -0.593273, 0.362245, -0.131730, 1.039147, -1.961953, -0.548115, -0.892645, -0.540254, 
 -0.656609, 0.986612, 1.601991, 0.733837, 0.796157, 0.819057, -1.938064, 0.284366, -0.078462, 
 -0.253837, -0.957058, 0.610890, 0.401318, 1.812330, -0.986788, 0.352064, -0.493165, -1.013673, 
 1.205619, -1.336160, -1.831638, 1.475366, 1.379690, 1.593028, -1.553051, 1.452480, 0.758285, 
 0.005261, 1.931070, 0.713369, -0.561458, 0.716294, -1.053129, -1.702335, 0.432768, 1.294742, 
 1.251917, -0.915815, -1.972143, 0.510454, -1.407061, -1.175432, -0.480722, -0.027217, 0.678007, 
 1.312698, 0.875073, 0.221226, 1.748519, 0.871459, 1.688647, -1.842434, -0.804435, -0.874091, 
 0.652915, -0.793200, -1.044313, -1.288608, 1.725006, 1.405363, -1.718623, 0.867506, 1.559769, 
 0.245637, 0.959820, 0.216493, 1.507959, -1.400764, 1.577678, 1.439776, 0.660082, -0.822776, 
 -0.472966, -0.715657, 1.718934, 1.798136, -1.030576, 1.583611, 1.794202, -0.280266, 1.532844, 
 -1.277846, -0.120808, 0.226216, 0.168515, 0.973111, -1.497542, -0.153488, -0.531562, 1.183403, 
 -0.890548, -0.264849, -1.217236, 0.068225, 1.549339, 1.467790, -1.798465, 1.716982, 0.473975, 
 -1.418103, -1.210197, -1.056917, 0.116341, -1.523410, 1.667713, -0.380766, 0.284403, 0.228807, 
 1.728912, -1.167220, 0.341137, -0.723122, 0.134228, 0.104978, -0.236627, -0.713799, -1.140031, 
 0.793510, 1.980002, -0.297560, 0.925626, 1.150216, -1.254015, 0.503377, -1.918371, 0.266197, 
 1.267538, -1.161592, 0.977766, 1.468328, 1.144470, 1.842537, -0.771750, -1.027128, 1.656409, 
 -0.435148, 1.502267, 1.693479, 0.964694, 0.812788, -0.493976, -0.328342, 1.737880, 0.342557, 
 1.741915, 0.970194, 1.407763, -0.211228, -0.607571, -1.516323, 1.209228, 1.429669, 0.548206, 
 0.720104, -1.068337, 0.118147, -0.438450, -1.441274, 1.500852, 1.986100, 1.403135, -0.318366, 
 0.175021, -0.349056, 1.426094, 1.469562, 1.964002, -0.722159, -0.641744, -1.103957, -1.172288, 
 -0.509464, 0.088871, 0.267642, 1.579081, 0.581773, -1.324708, 1.463814, 0.317283, 1.648154, 
 0.002189, 1.582937, -0.988761, 0.695443, -0.750059, -1.245438, 1.516074, -0.005901, 1.439810, 
 -0.787824, 0.525022, 0.430652, 1.798369, -1.294375, 1.624552, -1.629678, 1.978819, 0.844146, 
 -1.869808, -1.969248, 0.376376, -0.740103, 1.901155, -0.599974, -0.872160, -0.355357, 0.946299, 
 -1.270060, -1.869913, 0.226367, 1.191848, -1.671362, -1.389568, -1.311053, -0.131449, 0.085431, 
 0.617438, 0.781832, 1.448881, -1.156097, -0.525638, -0.560489, 0.725131, 0.003840, 1.410019, 
 -1.488266, 1.142737, 0.311509, 1.590177, 1.387680, -1.205818, -1.458076, -1.364907, -1.675703, 
 -0.610921, -1.581128, -0.936017, 0.411735, 0.420440, -0.469949, -0.480673, -1.803355, 1.020450, 
 -1.394233, -0.788806, -1.477785, 0.924767, 0.882505, -1.761977, -1.837807, 1.582903, 1.742288, 
 1.402194, -0.620694, 1.621318, -1.519143, 1.694889, 1.900341, 0.722625, 1.324142, -0.204234, 
 0.680354, -0.234255, -0.995706, 1.306716, 0.682187, -0.179584, -1.717383, -1.360965, -1.924801, 
 0.790126, -0.457286, -0.808668, 1.266746, -0.702831, 1.011632, 0.477323, 0.874579, 1.127240, 
 -1.080027, -0.659422, 1.343692, 0.188127, -0.824764, 0.379517, 0.965130, -1.052496, -0.711029, 
 1.146012, 1.735925, 1.422424, 0.555969, -0.171651, -0.772311, -1.079854, -0.450478, 1.999834, 
 -1.758825, 0.816056, 1.612863, 1.725939, 1.232867, -1.986748, -1.202311, 1.560877, -0.831866, 
 1.062573, -1.441629, -0.426879, -1.770866, 1.169766, -0.034439, 1.740284, 1.143909, 1.663538, 
 -1.596502, -1.797809, 1.985036, -1.409407, 0.064365, -1.011197, -0.241546, -0.499071, -1.238609, 
 -0.101147, 0.803619, 0.960380, -0.859357, -0.670979, -0.188057, -1.625347, -0.376128, -0.921553, 
 1.339076, 1.538144, -1.483072, -0.696661, -0.456514, -1.523377, 0.059489, 0.315349, 0.576212, 
 0.854731, 1.692764, 1.616742, -1.426432, -0.960997, 0.128533, -1.953779, -0.060968, -0.988793, 
 1.932366, 0.221929, 0.742914, -0.388506, 1.696444, -0.498598, -1.094323, 0.895792, -0.098316, 
 -0.337431, -1.772436, 0.064489, 1.825508, -1.832719, -0.291753, 0.173481, -1.486951, -1.982218, 
 -1.768132, 0.382723, -0.590645, -1.654393, 1.767880, 1.157829, 0.603109, -0.074004, 0.733826, 
 -1.515705, 0.111144, 1.465772, -0.683064, -1.009647, -0.518592, 0.872055, -0.491635, -0.552555, 
 -1.670071, -0.921628, 0.691789, -0.070093, 1.094485, 1.035976, -0.188017, -1.109899, 1.466679, 
 0.949711, 0.019270, 0.132495, -0.839276, -1.823338, -0.732262, -1.897882, -1.807409, -0.468354, 
 1.579269, -0.772796, -1.354950, 1.048149, -1.049529, -0.817090, -1.200319, 1.917127, -0.664965, 
 1.092310, 1.302547, -0.350867, -1.123418, -0.231978, 0.482816, -1.657634, -1.223642, -1.263662, 
 1.169807, 1.086108, -0.710425, -0.778753, 0.496532, 0.100865, 1.989867, -0.854571, -0.431442, 
 1.520025, 0.291507, -0.913730, -1.843001, 1.558975, -0.622338, -0.682007, 1.638288, -1.132412, 
 -0.158154, 1.672444, 0.056006, 0.336512, 0.348281, -0.746810, 1.759313, -0.112430, 1.433204, 
 1.694439, 1.097888, -1.223462, -0.222909, 0.122983, -1.771428, -1.232219, -1.120508, 1.515278, 
 0.588440, -1.297227, 0.462685, 1.665831, 0.121534, 1.400438, -0.690783, 0.995166, 0.936457, 
 -0.044339, -0.876087, -0.459931, 1.614979, 1.411934, 1.221640, 1.349037, 0.444217, 0.567357, 
 -1.367104, 0.187534, -1.572294, -1.547784, 0.018263, 0.096122, -0.807799, -0.696132, 1.985139, 
 -1.239031, -1.012881, -1.008895, -0.490355, -0.359057, -1.511982, -1.548704, 0.876559, 1.023044, 
 1.649267, 1.864158, -1.825653, -0.736339, -0.460237, -1.355607, 0.427341, -1.928852, -1.043280, 
 -0.002635, -1.413454, -0.050918, -1.906312, 0.668567, -0.111312, 0.399692, -1.821425, 0.311348, 
 0.877969, -1.201853, 1.050679, -1.407109, 1.220483, -0.342502, -1.834606, -0.366888, 1.953184, 
 1.275836, 1.622091, 0.128802, 0.263181, -1.507075, -0.195259, 0.343544, -1.404266, 0.451113, 
 0.395791, -1.326737, -0.381024, 0.797193, -1.086796, -1.534841, 0.488382, 0.803396, 0.210998, 
 -1.664001, -0.687526, -0.617363, -1.983088, 0.849834, -1.088130, -0.877909, 1.280308, -1.421673, 
 1.677521, -1.075606, 0.917691, -1.621642, 0.927046, 0.876084, -1.542806, 0.161044, 0.528815, 
 0.122152, -0.614553, -1.032995, -0.226202, -1.439356, -0.621613, 0.662382, 0.644302, -1.580043, 
 1.496861, -1.621350, 1.802722, -0.110854, -1.714619, -1.659294, -1.266963, 0.571991, -0.734398, 
 -0.619035, 1.123192, 0.076829, 1.575889, 1.472812, -0.693965, -1.498294, -0.033156, 1.781908, 
 0.733873, -0.902332, -1.990260, 1.447193, 0.635764, 1.995915, 0.577819, 0.424412, 1.198017, 
 0.919760, 0.147054, -1.428072, -1.155928, 1.485527, 1.606234, -0.707515, 0.139942, 0.481742, 
 0.408480, 1.943895, 0.289865, 0.758431, -1.459830, 1.680831, 0.878957, -1.059514, 1.203039, 
 1.718554, 1.195979, 0.387546, 0.771993, -0.874746, 0.500428, -1.423557, -1.167799, 0.101219, 
 0.943154, 1.045584, 1.803742, 1.367270, -0.771180, -0.995386, 0.082277, -1.457451, -1.577003, 
 -0.637700, -1.910465, -1.876369, 0.319766, -1.263983, 1.693943, 1.786893, 0.234296, 0.820513, 
 1.455251, -1.757856, 1.574298, -1.749098, -1.222801, -1.396079, -1.477631, -1.630646, 1.900076, 
 -0.981778, 0.539075, -0.564947, -1.627743, 0.969310, 1.070116, -1.115497, 1.402279, 1.344410, 
 -1.416963, 1.216550, 1.258322, -1.601992, -0.380481, -0.694822, -1.284548, 0.446387, 1.954639, 
 -1.530622, -0.531201, -1.621821, 1.419638, -0.674194, 0.142829, -1.151312, 0.974370, 1.443551, 
 -0.266670, -0.828563, 0.552215, -0.183050, -1.612173, -1.699045, -1.357478, -0.885623, 1.217878, 
 -0.324639, 1.722371, 1.731890, -0.152384, -1.919856, 1.518929, -1.933901, 0.130124, -0.812584, 
 -0.195474, -0.516958, -0.330769, 1.942822, -0.929293, -1.191371, -0.214965, 0.029504, -0.535400, 
 0.700812, 0.144547, 0.636373, -1.638442, 1.219756, 1.561161, 0.427913, -0.018650, -1.008514, 
 1.682348, -0.453942, -1.339026, 1.490063, 1.749682, -1.116273, -0.159352, -0.756583, 0.312323, 
 0.568014, -1.642740, -0.071059, 0.719580, 1.198762, 1.122585, 0.934937, 1.001631, -1.011209, 
 1.130672, 1.706187, -0.110618, -0.300675, 0.192943, -1.350743, -0.540321, -1.966818, 1.874287, 
 -1.957471, -0.831377, -1.941744, -0.720286, -1.413846, -1.355734, 1.584228, -0.843387, -0.777186, 
 0.370687, -1.862635, 0.098451, 1.035508, -0.607345, 0.641520, 0.232545, 0.075751, 1.003794, 
 1.287083, -1.051995, 1.614811, 0.011064, 1.720568, 1.457797, -0.703519, -1.771725, -1.962356, 
};

//float c_ref[] __attribute__ ((aligned (32))) = {
float c_ref[] = {
 -0.199882, 0.990534, 0.324772, 0.349158, -0.752067, 0.405634, -0.80363, 0.0952547, -0.217678,
 -0.0190766, -0.611722, -0.176493, 0.127016, 0.954814, 0.241658, -0.539153, 0.318884, 0.636365,
 -0.103576, -1.158515, 0.0130869, 0.109582, -0.899425, -0.180678, 0.393222, -0.102529, -0.293502,
 0.260304, 0.987171, -0.10027, -0.215609, 0.335041, -0.472609, 0.892787, -0.248239, -0.116017,
};

