int A[] = {
  1913,
  46963,
  59928,
  42609,
  61219,
  72759,
  62798,
  96533,
  33152,
  36475,
  66844,
  72290,
  82126,
  38132,
  50801,
  26768,
  99245,
  97276,
  17757,
  31515,
  13603,
  41175,
  57347,
  58121,
  13142,
  99995,
  67881,
  760,
  39191,
  68811,
  17728,
  93873,
  16136,
  71048,
  33393,
  38757,
  44182,
  56446,
  82308,
  22063,
  8464,
  92560,
  49921,
  19164,
  5029,
  27823,
  59173,
  69228,
  47706,
  69254,
  4300,
  66543,
  23869,
  30674,
  12676,
  43901,
  38242,
  16042,
  37538,
  58154,
  32997,
  97386,
  27662,
  53296,
  96909,
  5332,
  76141,
  70925,
  52734,
  35359,
  22821,
  10935,
  98658,
  84620,
  45562,
  61653,
  92552,
  95428,
  74266,
  46354,
  98269,
  38420,
  15507,
  36386,
  22116,
  90815,
  18654,
  73274,
  83664,
  38151,
  24409,
  98691,
  97185,
  35942,
  73416,
  71268,
  62557,
  5735,
  59291,
  57358,
  85229,
  53087,
  57184,
  12400,
  73218,
  49150,
  84158,
  3698,
  40244,
  91335,
  74194,
  64577,
  85040,
  87848,
  38642,
  42402,
  40666,
  87283,
  77970,
  79617,
  39935,
  79386,
  62620,
  27176,
  53642,
  87943,
  35411,
  91334,
  782,
  41863,
  49333,
  63058,
  24702,
  86228,
  79109,
  42766,
  72613,
  21100,
  91830,
  98241,
  95079,
  92840,
  30759,
  84103,
  99678,
  69661,
  50647,
  24832,
  17932,
  10239,
  42409,
  24362,
  65281,
  46250,
  47950,
  91347,
  54559,
  52015,
  1882,
  31241,
  96177,
  81042,
  3277,
  37136,
  96536,
  24973,
  49150,
  17836,
  28991,
  24297,
  99878,
  78864,
  9815,
  62828,
  55567,
  95538,
  14937,
  90181,
  37077,
  90433,
  78783,
  2695,
  57449,
  10292,
  76723,
  36826,
  48777,
  3121,
  66839,
  71645,
  78226,
  6838,
  97250,
  29232,
  37987,
  38939,
  79599,
  11985,
  62031,
  80563,
  86877,
  44995,
  39165,
  16687,
  23001,
  69525,
  92990,
  79818,
  74300,
  9287,
  85897,
  29478,
  94926,
  87165,
  5938,
  80874,
  93307,
  29195,
  6817,
  67351,
  58837,
  9303,
  10799,
  72513,
  56010,
  70672,
  85332,
  31403,
  37252,
  44986,
  18649,
  14393,
  25247,
  91145,
  56874,
  51439,
  56380,
  24801,
  62084,
  32729,
  86267,
  17750,
  87516,
  71643,
  42290,
  24609,
  12805,
  3816,
  92299,
  77488,
  30858,
  5438,
  74869,
  4341,
  27436,
  34616,
  3942,
  45727,
  94276,
  9930,
  78155,
  57818,
  55802,
  8596,
  26258,
  82329,
  91133,
  57637,
  93620,
  28648,
  53990,
  19103,
  77379,
  43264,
  51931,
  96693,
  72522,
  6994,
  92968,
  82255,
  81051,
  86396,
  45917,
  80625,
  71108,
  87301,
  85432,
  90769,
  20614,
  67919,
  17011,
  5320,
  38199,
  77053,
  92991,
  43649,
  49276,
  18032,
  55134,
  81819,
  28413,
  20481,
  39792,
  49957,
  80978,
  2507,
  60384,
  54936,
  84096,
  52407,
  49672,
  83003,
  41997,
  85407,
  67108,
  71267,
  13863,
  86911,
  60946,
  12174,
  40562,
  71509,
  4760,
  43049,
  57721,
  38058,
  74864,
  34800,
  24752,
  38714,
  85040,
  44522,
  24744,
  18093,
  54120,
  8673,
  49260,
  88079,
  70212,
  55282,
  1846,
  42288,
  87642,
  96681,
  43949,
  90454,
  39196,
  57266,
  88204,
  7654,
  72279,
  19180,
  78597,
  94295,
  51867,
  4407,
  5998,
  34122,
  2764,
  92907,
  44767,
  98394,
  13851,
  89659,
  74467,
  87572,
  10481,
  44081,
  33600,
  53855,
  22526,
  90004,
  26692,
  5445,
  67295,
  24797,
  41691,
  55775,
  96812,
  74658,
  11698,
  41230,
  73138,
  32622,
  74213,
  82018,
  61170,
  13643,
  65504,
  86668,
  7432,
  98517,
  69750,
  87418,
  48304,
  76049,
  24265,
  78839,
  22572,
  30031,
  5856,
  19139,
  73335,
  19292,
  5144,
  90981,
  73967,
  60491,
  58552,
  18932,
  56281,
  22900,
  16289,
  14583,
  55302,
  80274,
  61843,
  83621,
  55158,
  46202,
  94208,
  85621,
  42711,
  92758,
  96775,
  90393,
  82041,
  21535,
  18148,
  8052,
  18596,
  22198,
  23156,
  56102,
  87369,
  56730,
  80297,
  48620,
  79468,
  26886,
  87292,
  21892,
  81628,
  8700,
  98534,
  95457,
  14640,
  25912,
  59955,
  83967,
  41042,
  70381,
  17823,
  20329,
  7050,
  81467,
  38679,
  63431,
  29515,
  1140,
  92909,
  84632,
  4109,
  73578,
  16913,
  95788,
  27870,
  74853,
  8758,
  84277,
  17550,
  99375,
  58270,
  25760,
  17440,
  96475,
  23635,
  1935,
  64244,
  60235,
  54503,
  86355,
  430,
  75361,
  39082,
  65081,
  46993,
  70208,
  1828,
  39365,
  66863,
  72746,
  95548,
  37951,
  97897,
  53168,
  3972,
  68889,
  39091,
  73418,
  65108,
  38836,
  4417,
  27897,
  12426,
  56077,
  57631,
  98689,
  2025,
  15043,
  62272,
  31572,
  5964,
  80568,
  98325,
  40731,
  2717,
  90855,
  21173,
  45303,
  59806,
  67291,
  89212,
  47848,
  31105,
  90163,
  730,
  76170,
  47721,
  85242,
  16804,
  87875,
  66222,
  17786,
  11826,
  92183,
  18634,
  69323,
  23334,
  1749,
  29432,
  44939,
  15051,
  38686,
  13119,
  58437,
  41605,
  64438,
  2575,
  53269,
  29323,
  52699,
  30609,
  53057,
  95688,
  34202,
  5813,
  92970,
  31821,
  22531,
  58907,
  16803,
  21551,
  32779,
  52264,
  13101,
  44739,
  37323,
  64153,
  46349,
  48410,
  45246,
  18191,
  82208,
  83291,
  88216,
  69888,
  85806,
  59239,
  82999,
  23112,
  68957,
  89397,
  22002,
  22668,
  96750,
  14674,
  65139,
  67509,
  6419,
  95298,
  19962,
  35580,
  11928,
  62165,
  44087,
  86022,
  14081,
  9956,
  29640,
  78830,
  37966,
  20065,
  30173,
  73781,
  89731,
  60662,
  72317,
  15564,
  65106,
  87645,
  71822,
  62744,
  61949,
  31224,
  33238,
  91821,
  6858,
  15388,
  31128,
  25542,
  86099,
  64742,
  70127,
  40678,
  48938,
  59890,
  78412,
  12056,
  28779,
  44656,
  9113,
  99815,
  80732,
  84063,
  72996,
  25699,
  96893,
  14505,
  34594,
  23999,
  99229,
  38745,
  99868,
  85867,
  34666,
  1908,
  40572,
  29355,
  73397,
  76189,
  12483,
  40365,
  45593,
  89629,
  50617,
  30790,
  79623,
  2285,
  3844,
  45656,
  25143,
  10779,
  25123,
  88798,
  73509,
  14216,
  97264,
  89298,
  39353,
  85365,
  11248,
  61718,
  56526,
  67666,
  2000,
  31174,
  15836,
  66135,
  48239,
  1460,
  41267,
  34706,
  60677,
  46433,
  36543,
  89358,
  36634,
  84031,
  73339,
  62211,
  34014,
  90018,
  90549,
  5309,
  24773,
  85611,
  83666,
  90312,
  89599,
  1520,
  25688,
  29580,
  83520,
  18871,
  38872,
  30015,
  78270,
  61187,
  33168,
  54313,
  91399,
  15106,
  40157,
  65445,
  33494,
  23755,
  84102,
  1263,
  76323,
  14463,
  9653,
  47245,
  63269,
  71043,
  14637,
  83353,
  76365,
  97950,
  96364,
  9094,
  11517,
  69836,
  80832,
  20577,
  47455,
  98167,
  81515,
  97068,
  32478,
  6432,
  67910,
  53009,
  6360,
  31151,
  75252,
  1067,
  41542,
  16684,
  75304,
  22972,
  27566,
  92812,
  38256,
  20510,
  35388,
  28407,
  51021,
  33024,
  73277,
  88206,
  14029,
  3435,
  49951,
  9196,
  43400,
  35367,
  35806,
  55679,
  93999,
  72865,
  18897,
  90637,
  85622,
  58413,
  98825,
  48548,
  62733,
  5736,
  57738,
  22726,
  27711,
  49982,
  85294,
  19168,
  96373,
  72322,
  21130,
  62087,
  77977,
  12121,
  65796,
  67060,
  33765,
  54593,
  39195,
  80770,
  43831,
  3207,
  89538,
  23339,
  38016,
  30462,
  23283,
  35215,
  21260,
  95930,
  66165,
  56651,
  90846,
  85583,
  45364,
  90136,
  70145,
  35967,
  95488,
  62665,
  97734,
  92074,
  3350,
  81816,
  2339,
  24187,
  54872,
  96432,
  30176,
  4587,
  91356,
  43959,
  7181,
  11359,
  66929,
  76551,
  74623,
  65830,
  87800,
  12104,
  90527,
  91270,
  47615,
  19386,
  23299,
  59611,
  26390,
  41973,
  21647,
  71630,
  41204,
  58368,
  38311,
  22257,
  615,
  90820,
  93265,
  58814,
  96921,
  88623,
  73216,
  32116,
  9779,
  25442,
  54743,
  56450,
  33456,
  64464,
  32015,
  92707,
  22763,
  71849,
  44783,
  62362,
  34679,
  85524,
  84422,
  11349,
  50105,
  17154,
  25849,
  75832,
  91754,
  99148,
  53590,
  18875,
  79714,
  52457,
  6783,
  2217,
  34405,
  18176,
  16023,
  38168,
  23627,
  86963,
  83506,
  10414,
  65234,
  61506,
  92739,
  38255,
  50172,
  26366,
  76117,
  59030,
  42340,
  36284,
  72358,
  96542,
  61213,
  33918,
  23371,
  32935,
  9511,
  52218,
  93284,
  11336,
  71355,
  28923,
  85246,
  80850,
  75552,
  74519,
  17749,
  61874,
  29704,
  13647,
  28934,
  53744,
  5702,
  30516,
  69243,
  3450,
  38821,
  71912,
  59068,
  86407,
  51083,
  31692,
  56413,
  72089,
  76703,
  71728,
  8752,
  33040,
  16719,
  80427,
  79742,
  68936,
  63238,
  12720,
  20198,
  44022,
  70228,
  14370,
  53209,
  42525,
  13005,
  96605,
  43292,
  39557,
  35421,
  84605,
  90511,
  91452,
  87468,
  41899,
  63324,
  11545,
  94634,
  60566,
  92127,
  50897,
  80915,
  18692,
  80369,
  34788,
  89416,
  52435,
  96265,
  42340,
  86464,
  20575,
  21013,
  80774,
  50919,
  50743,
  79937,
  51022,
  35645,
  32499,
  28224,
  94784,
  62428,
  88243,
  14420,
  74975,
  3587,
  92119,
  21605,
  73979,
  93994,
  63285,
  31778,
  5325,
  2532,
  16550,
  9195,
  41550,
  5507,
  10898,
  38936,
  54218,
  32867,
  29124,
  27229,
  56150,
  82983,
  29850,
  9995,
  78453,
  69389,
  5541,
  41484,
  86968,
  33130,
  84796,
  95114,
  32872,
  60572,
  94357,
  28385,
  8890,
  86240,
  33434,
  8040,
  72986,
  95004,
  98600,
  61225,
  59613,
  86634,
  55328,
  14083,
  5517,
  22950,
  22838,
  86787,
  38020,
  8715,
  51389,
  40969,
  65014,
  68859,
  27516,
  30243,
  71475,
  4447,
  27199,
  64124,
  57539,
  32810,
  36471,
  70458,
  55658,
  77113,
  28939,
  21482,
  38501,
  90518,
  69940,
  56011,
  22978,
  71795,
  88349,
  69828,
  81428,
  89784,
  70752,
  60400,
  2661,
  15682,
  65850,
  88955,
  34243,
  29987,
  28437,
  94090,
  93725,
  78967,
  8645,
  30659,
  69477,
  10932,
  40361,
  23553,
  97197,
  76516,
  59546,
  66832,
  11959,
  68889,
  891,
  59034,
  37108,
  82404,
  15062,
  13434,
  35956,
  21924,
  40625,
  4882,
  71141,
  35191,
  89664,
  16329,
  85855,
  46098,
  52205,
  35196,
  14225,
  59968,
  20630,
  60186,
  93867,
  74759,
  79475,
  34289,
  25474,
  90571,
  84977,
  65837,
  848,
  24625,
  31636,
  31451,
  38827,
  34578,
  86215,
  8564,
  66114,
  40704,
  41740,
  57243,
  70142,
  29260,
  38069,
  47317,
  96896,
  13127,
  22754,
  42401,
  10506,
  88289,
  6945,
  91366,
  79302,
  78881,
  55339,
  46962,
  49513,
  89293,
  49153,
  40611,
  361,
  9198,
  62822,
  92077,
  95036,
  27977,
  87806,
  14906,
  12768,
  47319,
  41951,
  34570,
  44245,
  11782,
  45099,
  94879,
  39413,
  7873,
  25727,
  16642,
  28440,
  17847,
  92748,
  579,
  85845,
  23031,
  53693,
  3622,
  89294,
  52213,
  48778,
  42184,
  49678,
  68598,
  62242,
  60475,
  91191,
  17987,
  1330,
  26168,
  20167,
  18195,
  43538,
  64716,
  77587,
  69578,
  81731,
  24394,
  59501,
  51930,
  24826,
  43210,
  31946,
  77097,
  34967,
  70852,
  38078,
  72115,
  42843,
  13887,
  75964,
  25439,
  21728,
  56907,
  24360,
  19232,
  23224,
  86390,
  74985,
  16038,
  94420,
  79857,
  16671,
  95364,
  40584,
  61738,
  30069,
  68054,
  55540,
  65982,
  64282,
  61971,
  87187,
  21568,
  66606,
  79811,
  220,
  26413,
  20350,
  52849,
  58925,
  68578,
  12961,
  71887,
  9924,
  68435,
  53736,
  19330,
  47204,
  97428,
  75769,
  12499,
  62411,
  75326,
  48952,
  99076,
  63827,
  62247,
  92516,
  93595,
  86315,
  70067,
  61220,
  38124,
  31551,
  58461,
  61113,
  13897,
  66513,
  44523,
  38030,
  22122,
  31130,
  39324,
  44773,
  28236,
  63578,
  79346,
  38815,
  41619,
  27843,
  68174,
  43477,
  40094,
  92041,
  826,
  15441,
  27491,
  15510,
  75153,
  2543,
  23130,
  28323,
  50875,
  73165,
  84026,
  81914,
  55292,
  23604,
  69069,
  13597,
  41204,
  7693,
  99316,
  75136,
  15773,
  91909,
  37782,
  30192,
  65120,
  66311,
  38385,
  84699,
  50703,
  41326,
  96559,
  87733,
  74891,
  82746,
  79323,
  8952,
  96483,
  36368,
  83711,
  48300,
  834,
  5169,
  58150,
  34825,
  68080,
  40201,
  75192,
  51524,
  57416,
  5259,
  76075,
  91763,
  27310,
  91378,
  51752,
  94531,
  426,
  54123,
  28256,
  17449,
  47426,
  77979,
  9702,
  9279,
  31573,
  67686,
  82189,
  14013,
  34780,
  63791,
  85738,
  70657,
  1168,
  27258,
  8309,
  48115,
  74440,
  48015,
  12764,
  73135,
  36024,
  88292,
  83761,
  3144,
  6868,
  5601,
  71545,
  41965,
  84016,
  36564,
  97216,
  69826,
  87000,
  98819,
  7119,
  30521,
  59391,
  88188,
  74763,
  90943,
  83555,
  76289,
  64859,
  45169,
  15500,
  75827,
  4776,
  66795,
  28916,
  63493,
  12995,
  65023,
  76772,
  31334,
  17058,
  96564,
  40825,
  34113,
  81169,
  68720,
  63912,
  81930,
  14313,
  4743,
  81114,
  65378,
  18570,
  18124,
  27783,
  60495,
  96830,
  41007,
  59168,
  69083,
  21392,
  89679,
  5965,
  5369,
  22896,
  88817,
  6798,
  77952,
  96395,
  64973,
  15368,
  87256,
  59306,
  94241,
  30172,
  40711,
  96156,
  16208,
  31,
  18775,
  40284,
  61413,
  80660,
  9005,
  14324,
  56260,
  51253,
  14165,
  53023,
  42134,
  33745,
  10415,
  57503,
  66341,
  83693,
  85398,
  17372,
  19794,
  48565,
  9749,
  22096,
  87907,
  86255,
  98268,
  55321,
  43239,
  6434,
  78285,
  26421,
  46789,
  75256,
  24718,
  41463,
  14164,
  87301,
  10258,
  97970,
  95153,
  73336,
  39436,
  93813,
  6848,
  45189,
  66504,
  48512,
  39510,
  28449,
  17479,
  30566,
  64147,
  639,
  19191,
  46579,
  38255,
  60498,
  70489,
  48206,
  79647,
  181,
  63650,
  83586,
  83052,
  93770,
  20372,
  53992,
  87831,
  98586,
  88000,
  20768,
  82780,
  38237,
  8692,
  47669,
  98001,
  76956,
  15115,
  78920,
  64441,
  96719,
  89212,
  93330,
  30515,
  61490,
  91216,
  99757,
  13625,
  51460,
  27660,
  90663,
  94242,
  86085,
  26150,
  87186,
  68304,
  76550,
  97624,
  89264,
  17340,
  42400,
  82179,
  32580,
  35012,
  2620,
  52948,
  86614,
  55365,
  65891,
  62231,
  20035,
  44573,
  73848,
  14075,
  38588,
  65296,
  60672,
  33741,
  30588,
  44021,
  86679,
  48772,
  17453,
  79919,
  95502,
  74026,
  22152,
  0,
  56594,
  10977,
  111,
  5511,
  47450,
  45998,
  10748,
  81600,
  5044,
  87296,
  47479,
  95866,
  47187,
  77089,
  13362,
  94258,
  86352,
  15482,
  58033,
  3383,
  4275,
  77958,
  22484,
  38658,
  36169,
  13096,
  19180,
  67445,
  55173,
  49503,
  26067,
  92877,
  5207,
  97851,
  85938,
  11773,
  10900,
  20134,
  85472,
  60988,
  97039,
  56224,
  53297,
  83464,
  32073,
  53361,
  43983,
  75943,
  18156,
  95230,
  55962,
  99022,
  29387,
  3936,
  12004,
  33713,
  11860,
  79137,
  90320,
  54247,
  29598,
  13952,
  74193,
  90174,
  85451,
  87961,
  8977,
  23427,
  67500,
  37750,
  98943,
  599,
  61690,
  39478,
  32378,
  11812,
  72583,
  62749,
  2853,
  88551,
  63736,
  41950,
  40502,
  9068,
  43730,
  66092,
  83088,
  80434,
  20722,
  31568,
  77842,
  98006,
  29621,
  65878,
  13101,
  80526,
  24235,
  57614,
  94786,
  52323,
  37183,
  31497,
  84948,
  84878,
  50781,
  11403,
  75996,
  32340,
  79098,
  80091,
  82344,
  65885,
  60188,
  20753,
  99389,
  23966,
  13864,
  95396,
  52920,
  36777,
  74068,
  51212,
  54064,
  2315,
  37043,
  12629,
  12925,
  21534,
  84079,
  53213,
  12944,
  81175,
  21782,
  69279,
  67375,
  26677,
  1046,
  70728,
  38985,
  13264,
  15812,
  79293,
  33412,
  19904,
  474,
  21802,
  23433,
  17806,
  83507,
  39196,
  8617,
  15225,
  30308,
  66790,
  29354,
  178,
  52260,
  84204,
  36113,
  85445,
  59688,
  21845,
  30091,
  47391,
  78718,
  60672,
  83304,
  66022,
  26017,
  10702,
  40294,
  97944,
  65039,
  75507,
  45347,
  38745,
  95876,
  97021,
  20929,
  30443,
  28472,
  87690,
  91876,
  94958,
  29277,
  7434,
  22432,
  86205,
  48646,
  6179,
  73098,
  79282,
  53395,
  75671,
  43879,
  5311,
  66602,
  25382,
  61634,
  52305,
  22167,
  25989,
  9155,
  33218,
  5824,
  90136,
  74138,
  79246,
  80986,
  56694,
  55516,
  19841,
  69572,
  17518,
  91416,
  57645,
  40118,
  14892,
  87798,
  36818,
  66370,
  4842,
  76259,
  9329,
  50353,
  25501,
  37184,
  60861,
  26029,
  76850,
  94020,
  86501,
  26027,
  98608,
  39319,
  45598,
  63467,
  94428,
  25728,
  14326,
  59400,
  20370,
  85817,
  54043,
  23648,
  64895,
  15575,
  96253,
  69147,
  21682,
  83746,
  39062,
  21733,
  21243,
  60226,
  75373,
  52403,
  17002,
  79041,
  70312,
  28456,
  84824,
  39975,
  75510,
  5375,
  55702,
  5364,
  4383,
  26948,
  63722,
  16552,
  68284,
  40603,
  99107,
  43474,
  54002,
  65933,
  2115,
  6444,
  76383,
  69316,
  57170,
  70340,
  60871,
  96440,
  79784,
  10057,
  12798,
  67814,
  21927,
  30187,
  18859,
  87641,
  39400,
  83643,
  78863,
  26366,
  24322,
  95521,
  46261,
  51479,
  9737,
  34987,
  63894,
  90814,
  66953,
  73140,
  79894,
  42153,
  51580,
  24420,
  73328,
  47272,
  82282,
  27268,
  34462,
  76720,
  85108,
  88893,
  92635,
  32796,
  51930,
  24367,
  91034,
  80180,
  55924,
  7630,
  6172,
  31152,
  12178,
  38518,
  27135,
  29311,
  40087,
  32755,
  49058,
  69832,
  78291,
  39743,
  76742,
  13412,
  79226,
  41866,
  56208,
  33955,
  69409,
  85968,
  19448,
  34369,
  48569,
  26953,
  90137,
  26329,
  39581,
  90096,
  6428,
  87181,
  76593,
  79775,
  40729,
  21624,
  98119,
  15340,
  53176,
  27699,
  48362,
  37972,
  61188,
  39696,
  70160,
  43984,
  44331,
  112,
  12638,
  38652,
  89735,
  34926,
  25114,
  11573,
  15514,
  805,
  98299,
  80738,
  10139,
  62367,
  66982,
  34104,
  57431,
  88126,
  61246,
  77931,
  51011,
  87913,
  92017,
  34461,
  2818,
  67555,
  81462,
  69223,
  92522,
  91111,
  51447,
  69004,
  70581,
  47977,
  23683,
  69213,
  28826,
  30270,
  14170,
  72939,
  94750,
  72333,
  53235,
  12566,
  58388,
  56190,
  89057,
  10760,
  76167,
  77845,
  34513,
  31913,
  24633,
  45320,
  27286,
  79382,
  62516,
  60581,
  20031,
  54219,
  80873,
  44918,
  20759,
  52778,
  851,
  35224,
  25300,
  49546,
  96995,
  64873,
  53695,
  60736,
  86537,
  37052,
  67239,
  37810,
  30319,
  21611,
  26796,
  32211,
  71019,
  14155,
  27177,
  74298,
  56301,
  97610,
  14173,
  64548,
  13898,
  30016,
  49552,
  35038,
  33700,
  48639,
  28407,
  21845,
  72687,
  55532,
  25377,
  34227,
};

int preorder_ref[] = {
  1913,
  760,
  430,
  730,
  615,
  782,
  1882,
  1846,
  1140,
  1067,
  1828,
  1749,
  1460,
  1263,
  1520,
  1908,
  46963,
  42609,
  33152,
  26768,
  17757,
  13603,
  13142,
  8464,
  5029,
  4300,
  3698,
  3277,
  2695,
  2507,
  1935,
  2025,
  2000,
  2285,
  2217,
  2339,
  2575,
  3121,
  2764,
  2717,
  3207,
  3435,
  3350,
  3450,
  3587,
  3816,
  3942,
  3844,
  4109,
  3972,
  4341,
  4760,
  4407,
  4417,
  4587,
  5332,
  5320,
  5144,
  5309,
  5735,
  5438,
  5445,
  5702,
  6838,
  5938,
  5856,
  5813,
  5736,
  6817,
  5998,
  5964,
  6419,
  6360,
  6432,
  6783,
  6994,
  6858,
  7654,
  7432,
  7050,
  7181,
  8052,
  12676,
  10935,
  10239,
  9815,
  9287,
  8596,
  8673,
  8700,
  8758,
  8752,
  9113,
  9094,
  9196,
  9303,
  9653,
  9511,
  9779,
  9930,
  9956,
  10292,
  10799,
  10481,
  10414,
  10779,
  12400,
  11985,
  11698,
  11248,
  11517,
  11359,
  11349,
  11336,
  11545,
  11826,
  11928,
  12174,
  12056,
  12121,
  12104,
  12426,
  12483,
  12805,
  12720,
  13119,
  13101,
  13005,
  17728,
  16136,
  16042,
  15507,
  14937,
  14393,
  13863,
  13851,
  13643,
  13647,
  14081,
  14029,
  14216,
  14370,
  14583,
  14505,
  14463,
  14420,
  14640,
  14637,
  14674,
  15043,
  15051,
  15388,
  15106,
  15564,
  15836,
  16023,
  16687,
  16289,
  16684,
  17011,
  16913,
  16804,
  16803,
  16719,
  17550,
  17440,
  17154,
  17750,
  17749,
  22063,
  19164,
  18654,
  17932,
  17836,
  17823,
  17786,
  18649,
  18032,
  18093,
  18148,
  18596,
  18191,
  18176,
  18634,
  19103,
  18932,
  18871,
  18692,
  18897,
  18875,
  19139,
  21100,
  20614,
  20481,
  19180,
  19168,
  19292,
  20329,
  19962,
  19386,
  20065,
  20198,
  20577,
  20510,
  20575,
  21013,
  21535,
  21173,
  21130,
  21260,
  21892,
  21551,
  21647,
  21605,
  22002,
  23869,
  22821,
  22116,
  22526,
  22198,
  22257,
  22572,
  22531,
  22668,
  22726,
  22763,
  23001,
  22900,
  22972,
  23156,
  23112,
  23635,
  23334,
  23283,
  23299,
  23339,
  23627,
  23371,
  23755,
  24409,
  24362,
  24297,
  24265,
  23999,
  24187,
  24702,
  24609,
  24832,
  24801,
  24752,
  24744,
  24797,
  24773,
  24973,
  25247,
  25143,
  25123,
  26258,
  25912,
  25760,
  25542,
  25442,
  25699,
  25688,
  25849,
  26692,
  26390,
  26366,
  31515,
  27823,
  27662,
  27176,
  26886,
  27436,
  27566,
  27711,
  30674,
  28991,
  28648,
  28413,
  27870,
  27897,
  28407,
  28224,
  28779,
  28923,
  28934,
  29232,
  29195,
  29478,
  29432,
  29323,
  29355,
  30031,
  29515,
  29640,
  29580,
  30015,
  29704,
  30609,
  30173,
  30462,
  30176,
  30516,
  30759,
  31241,
  30858,
  30790,
  31105,
  31224,
  31128,
  31174,
  31151,
  31403,
  32997,
  32729,
  32622,
  31572,
  31821,
  31692,
  32478,
  32116,
  32015,
  32499,
  32779,
  32935,
  33024,
  33040,
  36475,
  33393,
  33238,
  33168,
  35359,
  34616,
  34122,
  33600,
  33494,
  33456,
  34014,
  33765,
  33918,
  34202,
  34594,
  34405,
  34800,
  34666,
  34706,
  34679,
  34788,
  35215,
  36386,
  35942,
  35411,
  35388,
  35367,
  35580,
  35421,
  35806,
  35645,
  35967,
  36284,
  38132,
  37538,
  37136,
  37077,
  36826,
  36543,
  36634,
  37252,
  37323,
  37987,
  37951,
  37966,
  38058,
  38016,
  41175,
  39191,
  38757,
  38242,
  38151,
  38199,
  38168,
  38420,
  38256,
  38255,
  38311,
  38642,
  38714,
  38679,
  38686,
  38745,
  38939,
  38836,
  38821,
  38872,
  39165,
  39082,
  39091,
  40244,
  39935,
  39792,
  39196,
  39195,
  39365,
  39353,
  39557,
  40157,
  40666,
  40562,
  40365,
  40572,
  41042,
  40731,
  40678,
  42402,
  41863,
  41691,
  41230,
  41204,
  41605,
  41267,
  41542,
  42290,
  41997,
  41973,
  41899,
  42288,
  42340,
  42340,
  42409,
  42525,
  44182,
  43901,
  42766,
  42711,
  43264,
  43049,
  43649,
  43400,
  43292,
  43831,
  43949,
  44081,
  43959,
  44022,
  44087,
  45562,
  44995,
  44986,
  44522,
  44767,
  44739,
  44656,
  44939,
  44783,
  45303,
  45246,
  45364,
  46354,
  46250,
  45727,
  45593,
  45656,
  45917,
  46202,
  46349,
  46433,
  59928,
  50801,
  49921,
  47706,
  46993,
  47245,
  47455,
  47615,
  49150,
  47950,
  47848,
  47721,
  48777,
  48304,
  48239,
  48620,
  48410,
  48548,
  48938,
  49333,
  49150,
  49276,
  49260,
  49672,
  50647,
  49957,
  49951,
  50617,
  49982,
  50105,
  50172,
  50743,
  57347,
  56446,
  53296,
  52734,
  52015,
  51439,
  51021,
  50897,
  50919,
  51083,
  51022,
  51931,
  51867,
  52407,
  52264,
  52218,
  52699,
  52457,
  52435,
  53087,
  53057,
  53009,
  53168,
  53269,
  53209,
  53642,
  53590,
  54559,
  53990,
  53855,
  53744,
  54120,
  54503,
  54313,
  55567,
  55134,
  54936,
  54593,
  54872,
  54743,
  55282,
  55158,
  55302,
  56010,
  55802,
  55775,
  55679,
  56380,
  56281,
  56102,
  56077,
  56413,
  57184,
  56874,
  56730,
  56526,
  56450,
  56651,
  57266,
  58121,
  57358,
  57449,
  57818,
  57637,
  57631,
  57721,
  57738,
  59173,
  58154,
  58837,
  58552,
  58270,
  58437,
  58413,
  58368,
  58814,
  58907,
  59030,
  59068,
  59291,
  59239,
  59806,
  59611,
  59890,
  61219,
  60384,
  59955,
  60235,
  60946,
  60491,
  60662,
  60566,
  60677,
  61170,
  61187,
  61213,
  72759,
  62798,
  61653,
  61506,
  62557,
  62031,
  61843,
  61718,
  61949,
  61874,
  62084,
  62272,
  62165,
  62087,
  62211,
  62362,
  62428,
  62620,
  62744,
  62733,
  62665,
  66844,
  66543,
  64577,
  63058,
  62828,
  63431,
  63269,
  63238,
  63324,
  64244,
  64153,
  64438,
  64464,
  65281,
  65081,
  64742,
  65108,
  65106,
  65139,
  65234,
  65504,
  65445,
  66222,
  66135,
  65796,
  65830,
  66165,
  66839,
  72290,
  67881,
  67351,
  67108,
  66863,
  67060,
  66929,
  67295,
  67291,
  67509,
  67666,
  68811,
  67919,
  67910,
  71048,
  69228,
  68889,
  68957,
  68936,
  69254,
  69243,
  70925,
  69661,
  69525,
  69323,
  70672,
  70212,
  69750,
  70208,
  69888,
  69836,
  70127,
  70145,
  70381,
  70228,
  71043,
  71268,
  71108,
  71267,
  71645,
  71643,
  71509,
  71355,
  71630,
  72279,
  71822,
  71728,
  71849,
  71912,
  72089,
  72613,
  72513,
  72317,
  72322,
  72358,
  72522,
  72746,
  96533,
  82126,
  76141,
  74266,
  73274,
  73218,
  73138,
  72996,
  72865,
  73216,
  73416,
  73335,
  73277,
  73397,
  73339,
  74194,
  73967,
  73578,
  73418,
  73509,
  73781,
  73979,
  74213,
  74300,
  74869,
  74864,
  74467,
  74658,
  74623,
  74519,
  74853,
  76049,
  75361,
  75252,
  74975,
  75304,
  75832,
  75552,
  76117,
  77970,
  76723,
  76170,
  76189,
  76323,
  76365,
  76551,
  76703,
  77488,
  77379,
  77053,
  79617,
  79386,
  79109,
  78864,
  78783,
  78226,
  78155,
  77977,
  78597,
  78412,
  78270,
  78839,
  78830,
  79599,
  79468,
  81042,
  80563,
  79818,
  79623,
  79714,
  79742,
  80274,
  79937,
  80297,
  80427,
  80369,
  80874,
  80625,
  80568,
  80732,
  80832,
  80770,
  80774,
  80850,
  80978,
  80915,
  81051,
  81819,
  81628,
  81467,
  81515,
  81816,
  82018,
  82041,
  93873,
  82308,
  82255,
  82208,
  92560,
  84620,
  83664,
  82329,
  83003,
  82999,
  83621,
  83291,
  83520,
  83353,
  83506,
  84158,
  84103,
  84096,
  83967,
  83666,
  84063,
  84031,
  84102,
  84277,
  84422,
  84605,
  92552,
  90815,
  85229,
  85040,
  84632,
  85040,
  87848,
  87283,
  86228,
  85897,
  85332,
  85242,
  85294,
  85246,
  85432,
  85407,
  85365,
  85621,
  85611,
  85583,
  85524,
  85806,
  85622,
  85867,
  86022,
  86099,
  86877,
  86267,
  86396,
  86355,
  86668,
  86407,
  86464,
  87165,
  86911,
  86963,
  87516,
  87301,
  87292,
  87418,
  87369,
  87468,
  87642,
  87572,
  87645,
  87800,
  87943,
  87875,
  90181,
  88079,
  88204,
  89659,
  89212,
  88216,
  88206,
  88798,
  88623,
  88243,
  89397,
  89298,
  89358,
  89629,
  89599,
  89538,
  89416,
  90004,
  89731,
  90163,
  90018,
  90136,
  90433,
  90393,
  90312,
  90769,
  90454,
  90549,
  90527,
  90511,
  90637,
  91335,
  91334,
  91145,
  91133,
  90981,
  90855,
  90846,
  90820,
  91270,
  91830,
  91347,
  91821,
  91399,
  91356,
  91754,
  91452,
  92299,
  92183,
  92074,
  92127,
  92119,
  92840,
  92758,
  92707,
  92739,
  92812,
  92990,
  92968,
  92907,
  92909,
  92970,
  93307,
  92991,
  93265,
  93284,
  93620,
  95428,
  95079,
  94926,
  94276,
  94208,
  93999,
  93994,
  94295,
  94634,
  94784,
  95298,
  96177,
  95538,
  95457,
  95488,
  95788,
  95548,
  95688,
  95930,
  96475,
  96364,
  96265,
  96373,
  96432,
  99245,
  97276,
  96909,
  96536,
  96693,
  96681,
  96542,
  96605,
  96812,
  96775,
  96750,
  96893,
  97185,
  97068,
  96921,
  97250,
  97264,
  97386,
  98658,
  98269,
  98241,
  97897,
  97734,
  97950,
  98167,
  98394,
  98325,
  98517,
  98534,
  98691,
  98689,
  99229,
  98825,
  99148,
  99995,
  99678,
  99375,
  99878,
  99815,
  99868,
};

