int max_weight = 100;
int num_items = 32;
int small_value_arr[] = {
  4,
  126,
  84,
  72,
  108,
  154,
  192,
  95,
  14,
  126,
  130,
  56,
  16,
  48,
  120,
  84,
  190,
  266,
  4,
  78,
  15,
  48,
  33,
  108,
  24,
  76,
  104,
  12,
  56,
  266,
  24,
  198,
};

int large_value_arr[] = {
  97,
  126,
  936,
  657,
  684,
  574,
  360,
  361,
  686,
  602,
  663,
  910,
  1488,
  760,
  760,
  306,
  1862,
  836,
  92,
  252,
  87,
  728,
  286,
  900,
  255,
  836,
  403,
  98,
  776,
  588,
  304,
  1332,
};

int small_weight_arr[] = {
  4,
  14,
  7,
  8,
  9,
  11,
  16,
  5,
  2,
  18,
  10,
  4,
  1,
  6,
  12,
  14,
  10,
  14,
  1,
  13,
  5,
  6,
  3,
  9,
  8,
  4,
  8,
  12,
  7,
  19,
  6,
  11,
};

int large_weight_arr[] = {
  97,
  14,
  78,
  73,
  57,
  41,
  30,
  19,
  98,
  86,
  51,
  65,
  93,
  95,
  76,
  51,
  98,
  44,
  23,
  42,
  29,
  91,
  26,
  75,
  85,
  44,
  31,
  98,
  97,
  42,
  76,
  74,
};

int small_ref[] = {
  0,
  16,
  32,
  48,
  76,
  95,
  111,
  127,
  152,
  171,
  190,
  206,
  228,
  247,
  266,
  285,
  304,
  323,
  342,
  361,
  380,
  399,
  418,
  437,
  456,
  475,
  494,
  513,
  532,
  551,
  570,
  589,
  608,
  627,
  646,
  665,
  684,
  703,
  722,
  741,
  760,
  779,
  798,
  817,
  836,
  855,
  874,
  893,
  912,
  931,
  950,
  969,
  988,
  1007,
  1026,
  1045,
  1064,
  1083,
  1102,
  1121,
  1140,
  1159,
  1178,
  1197,
  1216,
  1235,
  1254,
  1273,
  1292,
  1311,
  1330,
  1349,
  1368,
  1387,
  1406,
  1425,
  1444,
  1463,
  1482,
  1501,
  1520,
  1539,
  1558,
  1577,
  1596,
  1615,
  1634,
  1653,
  1672,
  1691,
  1710,
  1729,
  1748,
  1767,
  1786,
  1805,
  1824,
  1843,
  1862,
  1881,
};

int large_ref[] = {
  0,
  0,
  0,
  0,
  0,
  0,
  0,
  0,
  0,
  0,
  0,
  0,
  0,
  0,
  126,
  126,
  126,
  126,
  126,
  361,
  361,
  361,
  361,
  361,
  361,
  361,
  361,
  361,
  361,
  361,
  361,
  403,
  403,
  487,
  487,
  487,
  487,
  487,
  722,
  722,
  722,
  722,
  722,
  722,
  836,
  836,
  836,
  836,
  836,
  836,
  836,
  836,
  848,
  848,
  848,
  848,
  848,
  1083,
  1083,
  1083,
  1083,
  1083,
  1083,
  1197,
  1197,
  1197,
  1197,
  1197,
  1197,
  1197,
  1197,
  1209,
  1209,
  1209,
  1332,
  1332,
  1444,
  1444,
  1444,
  1444,
  1444,
  1444,
  1558,
  1558,
  1558,
  1558,
  1558,
  1558,
  1672,
  1672,
  1672,
  1672,
  1672,
  1693,
  1693,
  1805,
  1805,
  1805,
  1862,
  1862,
};

