// Data set for ../rsort/rsort.dat

int size = 1000;

int src[] = {
  16807,
  282475249,
  1622650073,
  984943658,
  1144108930,
  470211272,
  101027544,
  1457850878,
  1458777923,
  2007237709,
  823564440,
  1115438165,
  1784484492,
  74243042,
  114807987,
  1137522503,
  1441282327,
  16531729,
  823378840,
  143542612,
  896544303,
  1474833169,
  1264817709,
  1998097157,
  1817129560,
  1131570933,
  197493099,
  1404280278,
  893351816,
  1505795335,
  1954899097,
  1636807826,
  563613512,
  101929267,
  1580723810,
  704877633,
  1358580979,
  1624379149,
  2128236579,
  784558821,
  530511967,
  2110010672,
  1551901393,
  1617819336,
  1399125485,
  156091745,
  1356425228,
  1899894091,
  585640194,
  937186357,
  1646035001,
  1025921153,
  510616708,
  590357944,
  771515668,
  357571490,
  1044788124,
  1927702196,
  1952509530,
  130060903,
  1942727722,
  1083454666,
  1108728549,
  685118024,
  2118797801,
  1060806853,
  571540977,
  194847408,
  2035308228,
  158374933,
  1075260298,
  824938981,
  595028635,
  1962408013,
  1137623865,
  997389814,
  2020739063,
  107554536,
  1635339425,
  1654001669,
  1777724115,
  269220094,
  34075629,
  1478446501,
  1864546517,
  1351934195,
  1581030105,
  1557810404,
  2146319451,
  1908194298,
  500782188,
  657821123,
  753799505,
  1102246882,
  1269406752,
  1816731566,
  884936716,
  1807130337,
  578354438,
  892053144,
  1153851501,
  1004844897,
  616783871,
  382955828,
  330111137,
  1227619358,
  1723153177,
  70982397,
  1147722294,
  1070477904,
  2051621609,
  1606946231,
  1190959745,
  1912844175,
  1341853635,
  1808266298,
  343098142,
  456880399,
  1534827968,
  280090412,
  195400260,
  589673557,
  6441594,
  889688008,
  57716395,
  1524325968,
  2014119113,
  515204530,
  388471006,
  681910962,
  1904797942,
  1400285365,
  322842082,
  1463179852,
  828530767,
  832633821,
  1073185695,
  316824712,
  1260973671,
  1815859901,
  1267248590,
  2051724831,
  1194314738,
  318153057,
  2111631616,
  877819790,
  304555640,
  1213110679,
  541437335,
  1049077006,
  996497972,
  2063936098,
  270649095,
  428975319,
  685583454,
  1351345223,
  272112289,
  1398556760,
  1334948905,
  1724586126,
  532236123,
  1023129506,
  836045813,
  436476770,
  60935238,
  1936329094,
  915896220,
  304987844,
  2034712366,
  881140534,
  281725226,
  1901915394,
  197941363,
  348318738,
  152607844,
  784559590,
  543436550,
  290145159,
  1681808623,
  977764947,
  750597385,
  971307217,
  1737195272,
  2000755539,
  1399399247,
  462242385,
  1459413496,
  1951894885,
  537140623,
  1848682420,
  1012028144,
  1086531968,
  1289335735,
  1755699915,
  1623161625,
  992663534,
  2043046042,
  1358796011,
  943454679,
  1771024152,
  1479575244,
  1507977295,
  2119878818,
  2049590396,
  1828087692,
  621301815,
  1154112991,
  1104740033,
  222122669,
  889119397,
  1238489553,
  1882410547,
  944975825,
  1567121210,
  1866729662,
  1536830211,
  1719533808,
  1517273377,
  1592822761,
  41000625,
  1902737335,
  1127401868,
  994977995,
  140002776,
  1532062767,
  1049997439,
  1433829874,
  1464689331,
  428540556,
  1968456301,
  1859468872,
  1911300560,
  1168120094,
  298918984,
  967113755,
  2124639789,
  462851407,
  957828015,
  678030193,
  1105222769,
  1893015680,
  944303455,
  1004016855,
  1732267506,
  784170963,
  454233502,
  2145586676,
  329863108,
  1353963249,
  1323602331,
  1277844,
  1887638,
  1660760808,
  1561939997,
  685428651,
  897054849,
  1465645203,
  1461495731,
  440796531,
  1796198014,
  1522395419,
  1779636775,
  203042009,
  175530180,
  1640687929,
  1351995223,
  459244054,
  458588260,
  174076737,
  834991545,
  2044747317,
  2034837525,
  837204200,
  578134256,
  1486421564,
  609960597,
  1668306648,
  1683337704,
  907225550,
  605925150,
  416541976,
  24301412,
  411938554,
  2111482797,
  524102504,
  1760348381,
  293034748,
  855007065,
  1290659378,
  379847699,
  1778878209,
  338725129,
  2121578553,
  552265483,
  501650447,
  218264607,
  471180773,
  1363045322,
  1494664305,
  1706755176,
  1495170053,
  1616927224,
  1437784630,
  1360280366,
  121205400,
  1284660444,
  487495370,
  684570285,
  1502883016,
  252193898,
  1637608155,
  1129841133,
  1189515557,
  1262696576,
  707953178,
  1509658266,
  307187357,
  347221711,
  1042227878,
  1847320614,
  1746474819,
  1195795737,
  1586983133,
  678620591,
  290623720,
  1135048762,
  667306633,
  1262976197,
  1112576031,
  925238588,
  555860589,
  795054873,
  843998877,
  959637304,
  1021979358,
  832861200,
  599777254,
  168068960,
  794014915,
  545293947,
  1442645480,
  1452207730,
  1103669955,
  1564674546,
  1547837107,
  2028841238,
  989340000,
  2018984926,
  690545035,
  988774857,
  1110561113,
  1420250114,
  862929593,
  1300601360,
  2118498354,
  322968418,
  1439025357,
  738342585,
  1163313729,
  1122721015,
  1780776563,
  32106102,
  588860917,
  1380786643,
  1172819419,
  1971062967,
  572547747,
  2083245269,
  529855395,
  1812423303,
  1490404473,
  978719103,
  1754711748,
  47424385,
  345205658,
  1518163459,
  1520045406,
  937673930,
  1250739824,
  1614285132,
  2129300973,
  1493959603,
  600246897,
  1618907920,
  367603950,
  9135231,
  1064488480,
  171620203,
  350213900,
  1939824520,
  1681462533,
  1603481258,
  937217003,
  13618676,
  1255820950,
  1113423934,
  143558780,
  1168279879,
  836941832,
  463482574,
  828433549,
  1346174542,
  1415306249,
  1523252771,
  1156766310,
  601915879,
  1752200983,
  798669970,
  1473392040,
  666082723,
  20073650,
  222902971,
  1118753229,
  1666190318,
  473917746,
  118710299,
  151687230,
  344185621,
  1554270776,
  637850124,
  108668244,
  1026076958,
  981747696,
  1116666771,
  958829064,
  322791560,
  614056598,
  1790318751,
  1493869940,
  1240764503,
  1462789551,
  711192801,
  123427205,
  2119315080,
  1164780418,
  3559274,
  1838659649,
  63040413,
  810783320,
  1051519025,
  1237322012,
  1586901783,
  1458854788,
  1151624117,
  76424008,
  263081550,
  2090265324,
  404319195,
  754451257,
  1318824511,
  1304835690,
  270438666,
  1187262410,
  2048760593,
  766490553,
  1799809565,
  2092190960,
  556228742,
  540151403,
  911254352,
  1746007307,
  1928256141,
  525244910,
  1633413200,
  1492192799,
  970343127,
  566120171,
  1429157787,
  250334414,
  450031625,
  244116641,
  1174619517,
  13055348,
  377901842,
  1287114315,
  927515974,
  177181445,
  1476211373,
  805972220,
  1795739911,
  265509239,
  2090245054,
  63641305,
  172556929,
  1061382253,
  1652354189,
  2005815166,
  537204356,
  772359304,
  1651659860,
  1073645898,
  1609005592,
  1442901720,
  1463866116,
  1625151580,
  78098867,
  495149352,
  476026939,
  1208178698,
  1401494901,
  1324160811,
  797716616,
  482756891,
  501848671,
  1402331728,
  356326671,
  1597951661,
  343077045,
  102303120,
  1421620240,
  268317158,
  2038299453,
  1039769627,
  1333685350,
  1962853711,
  38535563,
  1274629594,
  1550207533,
  1066401727,
  115307827,
  948398795,
  1114919531,
  1657737442,
  140351516,
  950885006,
  2098478515,
  1004466924,
  706642601,
  957627097,
  1596168661,
  440967103,
  368034324,
  799980108,
  2018044936,
  2072002281,
  547517015,
  151043710,
  265963216,
  1130301905,
  343775973,
  1111767781,
  225882720,
  1807270791,
  791481169,
  910297865,
  702715827,
  1532329536,
  1238616728,
  1872357125,
  1628320384,
  1796580167,
  1502789949,
  835500476,
  2008416046,
  1300521576,
  777568666,
  1158577467,
  977260520,
  862627384,
  516341991,
  178425210,
  905333258,
  1014428211,
  622268744,
  225419518,
  464685718,
  1722321934,
  1132666825,
  1436280767,
  1854658689,
  523449818,
  1528073014,
  566211825,
  822102918,
  173958028,
  987333029,
  500078034,
  1708006727,
  1055151240,
  6933754,
  571486540,
  1427408396,
  913090935,
  401203083,
  2069048048,
  287846865,
  1709087011,
  2031615252,
  367553064,
  1301377876,
  137017237,
  746232675,
  628070245,
  1094482710,
  1773470415,
  1791728192,
  1560024710,
  707454747,
  1722463037,
  1356701299,
  97368447,
  88949715,
  329241693,
  1647259579,
  132567129,
  1115195164,
  1995333979,
  473553501,
  439295525,
  191110289,
  1502574958,
  1517114033,
  1062211800,
  562165089,
  1528087670,
  812535217,
  430880846,
  499521038,
  936509543,
  1008240338,
  1849385936,
  2098603321,
  954597719,
  73536496,
  1124791247,
  67943788,
  1617428359,
  1270425987,
  1767145035,
  707765235,
  498383912,
  1152185684,
  924745989,
  866683784,
  2120263734,
  2076422667,
  1826500519,
  1862972615,
  669167045,
  318665976,
  2142326661,
  1373365825,
  1005182819,
  2001271631,
  1483422903,
  1751072698,
  1162936798,
  1230092639,
  341914004,
  2029909503,
  1763800679,
  333748765,
  88207391,
  737904107,
  236264924,
  207314365,
  1114057121,
  48114454,
  1205777106,
  1840127450,
  1110051703,
  1448530832,
  1583071032,
  1499932141,
  48961654,
  412281977,
  1440942217,
  742753900,
  142357289,
  302173465,
  1978084747,
  476003622,
  816289879,
  1258459317,
  359301516,
  56564048,
  1484182762,
  1637121029,
  1532649039,
  166052708,
  1266605903,
  1987502657,
  1996510761,
  924375752,
  1086561466,
  1785108621,
  1974044557,
  1292006996,
  1554426955,
  1115266930,
  1054021494,
  346645555,
  2096192221,
  1233429312,
  586802293,
  1141231427,
  1500142232,
  1432477444,
  209234791,
  1178402198,
  1311549152,
  1434444856,
  1063273570,
  1227464303,
  1264627439,
  947712914,
  324735799,
  1078626766,
  1570591835,
  67981921,
  110846043,
  1121122752,
  688574086,
  75289719,
  526439150,
  230168410,
  822418623,
  1185044669,
  1282409605,
  1312349943,
  2008437311,
  1657922431,
  1101977992,
  1045139816,
  1396138699,
  1496786971,
  875180639,
  1045501370,
  1030325836,
  1525679891,
  1147182857,
  594094833,
  1300383328,
  601518177,
  1510474410,
  1139217683,
  2014885176,
  505523489,
  887972091,
  1283070434,
  1681484711,
  1976226904,
  1463491026,
  1763464891,
  1132610790,
  494500522,
  308559364,
  1931706890,
  539924884,
  1399116813,
  10341441,
  2009907127,
  591316179,
  1844185784,
  598994537,
  2045329870,
  1088387561,
  264032581,
  894374165,
  1508545802,
  937357732,
  231367332,
  1645347854,
  214459759,
  947609847,
  739972377,
  637940462,
  1626979010,
  726943819,
  710298150,
  119413377,
  1230900941,
  1042143836,
  434826720,
  245832299,
  2092396112,
  1856734759,
  1056219956,
  788974390,
  1728536152,
  348330048,
  342695014,
  123959044,
  320514918,
  1005240150,
  817350101,
  1897741295,
  910819821,
  885295731,
  1398644501,
  662128245,
  129154961,
  1748946057,
  1927703510,
  1974593928,
  1935350805,
  1653662173,
  366782137,
  1229309669,
  67439096,
  1725004503,
  1121447421,
  1850318675,
  595278518,
  1867224300,
  1260276489,
  835740262,
  1743532054,
  1128868263,
  2018358643,
  902024889,
  1245245250,
  1608776735,
  1891469415,
  726031364,
  407052494,
  1595850963,
  1543867758,
  1887985652,
  156485092,
  1524957316,
  1887766714,
  771761420,
  192958060,
  345807450,
  895063368,
  207078741,
  1448891847,
  1208199196,
  1746004787,
  1885902501,
  1652188234,
  1364093128,
  1925270571,
  1886377448,
  1044687875,
  242817253,
  810641871,
  821669329,
  1476562293,
  261433719,
  164973471,
  307738820,
  1025725764,
  1521681079,
  511142630,
  839594410,
  2095688080,
  1350266113,
  1462863342,
  1951398138,
  778248382,
  1845146044,
  1705698828,
  920998393,
  157863575,
  1070800980,
  1039109000,
  967945596,
  1073005947,
  1590767370,
  2003266087,
  644506543,
  313952733,
  236262852,
  172490261,
  2088376824,
  876554400,
  511982380,
  2068370778,
  1789871857,
  425373423,
  278059498,
  421567014,
  728252845,
  1236261662,
  945468509,
  1257726610,
  929596849,
  790709218,
  821019290,
  1288775055,
  922285743,
  319518555,
  1439236385,
  2137606534,
  1499086275,
  864877321,
  1823811151,
  1759921226,
  1703775251,
  803694459,
  20632783,
  1030316714,
  1372366437,
  1388337879,
  1384907698,
  1715914100,
  810383137,
  768094285,
  836445878,
  717918284,
  1489470342,
  311164915,
  626045960,
  1432063067,
  1834735140,
  675810707,
  309543566,
  1293320728,
  12000562,
  1977466363,
  820241969,
  1109242890,
  739712623,
  567222278,
  624917313,
  1790245761,
  267127010,
  1362834840,
  104576978,
  983646000,
  809207394,
  334734507,
  1623187656,
  1430166551,
  24761786,
  1706993431,
  1204554544,
  619880739,
  892408776,
  688507584,
  1105074252,
  1544374108,
  1808275514,
  497991454,
  998595019,
  801783028,
  107466671,
  158592370,
  434756663,
  1215867947,
  1785684024,
  907424543,
  1802916854,
  629306008,
  389114981,
  767780552,
  2005986288,
  1265768163,
  792508359,
  994411019,
  1348255379,
  2028195356,
  871419461,
  108408487,
  955308353,
  1279743899,
  1606985788,
  1855794244,
  281369880,
  224582466,
  1428738283,
  1789665274,
  1248300236,
  1414318909,
  2108898567,
  40621834,
  1978847939,
  418069684,
  2078169651,
  1123289549,
  598709266,
  1545747467,
  1268000110,
  1797619589,
  1792486327,
  1417097773,
  1568625581,
  1380889295,
  750607936,
  1148637874,
  1426245435,
  694558231,
  1866566972,
  949983028,
  1971319798,
  594139070,
  2043874587,
  251766297,
  893369089,
  1796102646,
  2067029090,
  714958111,
  1129966612,
  1150957463,
  1756872112,
  1996923781,
  1423551951,
  522329230,
};

int ref[] = {
  16807,
  1277844,
  1887638,
  3559274,
  6441594,
  6933754,
  9135231,
  10341441,
  12000562,
  13055348,
  13618676,
  16531729,
  20073650,
  20632783,
  24301412,
  24761786,
  32106102,
  34075629,
  38535563,
  40621834,
  41000625,
  47424385,
  48114454,
  48961654,
  56564048,
  57716395,
  60935238,
  63040413,
  63641305,
  67439096,
  67943788,
  67981921,
  70982397,
  73536496,
  74243042,
  75289719,
  76424008,
  78098867,
  88207391,
  88949715,
  97368447,
  101027544,
  101929267,
  102303120,
  104576978,
  107466671,
  107554536,
  108408487,
  108668244,
  110846043,
  114807987,
  115307827,
  118710299,
  119413377,
  121205400,
  123427205,
  123959044,
  129154961,
  130060903,
  132567129,
  137017237,
  140002776,
  140351516,
  142357289,
  143542612,
  143558780,
  151043710,
  151687230,
  152607844,
  156091745,
  156485092,
  157863575,
  158374933,
  158592370,
  164973471,
  166052708,
  168068960,
  171620203,
  172490261,
  172556929,
  173958028,
  174076737,
  175530180,
  177181445,
  178425210,
  191110289,
  192958060,
  194847408,
  195400260,
  197493099,
  197941363,
  203042009,
  207078741,
  207314365,
  209234791,
  214459759,
  218264607,
  222122669,
  222902971,
  224582466,
  225419518,
  225882720,
  230168410,
  231367332,
  236262852,
  236264924,
  242817253,
  244116641,
  245832299,
  250334414,
  251766297,
  252193898,
  261433719,
  263081550,
  264032581,
  265509239,
  265963216,
  267127010,
  268317158,
  269220094,
  270438666,
  270649095,
  272112289,
  278059498,
  280090412,
  281369880,
  281725226,
  282475249,
  287846865,
  290145159,
  290623720,
  293034748,
  298918984,
  302173465,
  304555640,
  304987844,
  307187357,
  307738820,
  308559364,
  309543566,
  311164915,
  313952733,
  316824712,
  318153057,
  318665976,
  319518555,
  320514918,
  322791560,
  322842082,
  322968418,
  324735799,
  329241693,
  329863108,
  330111137,
  333748765,
  334734507,
  338725129,
  341914004,
  342695014,
  343077045,
  343098142,
  343775973,
  344185621,
  345205658,
  345807450,
  346645555,
  347221711,
  348318738,
  348330048,
  350213900,
  356326671,
  357571490,
  359301516,
  366782137,
  367553064,
  367603950,
  368034324,
  377901842,
  379847699,
  382955828,
  388471006,
  389114981,
  401203083,
  404319195,
  407052494,
  411938554,
  412281977,
  416541976,
  418069684,
  421567014,
  425373423,
  428540556,
  428975319,
  430880846,
  434756663,
  434826720,
  436476770,
  439295525,
  440796531,
  440967103,
  450031625,
  454233502,
  456880399,
  458588260,
  459244054,
  462242385,
  462851407,
  463482574,
  464685718,
  470211272,
  471180773,
  473553501,
  473917746,
  476003622,
  476026939,
  482756891,
  487495370,
  494500522,
  495149352,
  497991454,
  498383912,
  499521038,
  500078034,
  500782188,
  501650447,
  501848671,
  505523489,
  510616708,
  511142630,
  511982380,
  515204530,
  516341991,
  522329230,
  523449818,
  524102504,
  525244910,
  526439150,
  529855395,
  530511967,
  532236123,
  537140623,
  537204356,
  539924884,
  540151403,
  541437335,
  543436550,
  545293947,
  547517015,
  552265483,
  555860589,
  556228742,
  562165089,
  563613512,
  566120171,
  566211825,
  567222278,
  571486540,
  571540977,
  572547747,
  578134256,
  578354438,
  585640194,
  586802293,
  588860917,
  589673557,
  590357944,
  591316179,
  594094833,
  594139070,
  595028635,
  595278518,
  598709266,
  598994537,
  599777254,
  600246897,
  601518177,
  601915879,
  605925150,
  609960597,
  614056598,
  616783871,
  619880739,
  621301815,
  622268744,
  624917313,
  626045960,
  628070245,
  629306008,
  637850124,
  637940462,
  644506543,
  657821123,
  662128245,
  666082723,
  667306633,
  669167045,
  675810707,
  678030193,
  678620591,
  681910962,
  684570285,
  685118024,
  685428651,
  685583454,
  688507584,
  688574086,
  690545035,
  694558231,
  702715827,
  704877633,
  706642601,
  707454747,
  707765235,
  707953178,
  710298150,
  711192801,
  714958111,
  717918284,
  726031364,
  726943819,
  728252845,
  737904107,
  738342585,
  739712623,
  739972377,
  742753900,
  746232675,
  750597385,
  750607936,
  753799505,
  754451257,
  766490553,
  767780552,
  768094285,
  771515668,
  771761420,
  772359304,
  777568666,
  778248382,
  784170963,
  784558821,
  784559590,
  788974390,
  790709218,
  791481169,
  792508359,
  794014915,
  795054873,
  797716616,
  798669970,
  799980108,
  801783028,
  803694459,
  805972220,
  809207394,
  810383137,
  810641871,
  810783320,
  812535217,
  816289879,
  817350101,
  820241969,
  821019290,
  821669329,
  822102918,
  822418623,
  823378840,
  823564440,
  824938981,
  828433549,
  828530767,
  832633821,
  832861200,
  834991545,
  835500476,
  835740262,
  836045813,
  836445878,
  836941832,
  837204200,
  839594410,
  843998877,
  855007065,
  862627384,
  862929593,
  864877321,
  866683784,
  871419461,
  875180639,
  876554400,
  877819790,
  881140534,
  884936716,
  885295731,
  887972091,
  889119397,
  889688008,
  892053144,
  892408776,
  893351816,
  893369089,
  894374165,
  895063368,
  896544303,
  897054849,
  902024889,
  905333258,
  907225550,
  907424543,
  910297865,
  910819821,
  911254352,
  913090935,
  915896220,
  920998393,
  922285743,
  924375752,
  924745989,
  925238588,
  927515974,
  929596849,
  936509543,
  937186357,
  937217003,
  937357732,
  937673930,
  943454679,
  944303455,
  944975825,
  945468509,
  947609847,
  947712914,
  948398795,
  949983028,
  950885006,
  954597719,
  955308353,
  957627097,
  957828015,
  958829064,
  959637304,
  967113755,
  967945596,
  970343127,
  971307217,
  977260520,
  977764947,
  978719103,
  981747696,
  983646000,
  984943658,
  987333029,
  988774857,
  989340000,
  992663534,
  994411019,
  994977995,
  996497972,
  997389814,
  998595019,
  1004016855,
  1004466924,
  1004844897,
  1005182819,
  1005240150,
  1008240338,
  1012028144,
  1014428211,
  1021979358,
  1023129506,
  1025725764,
  1025921153,
  1026076958,
  1030316714,
  1030325836,
  1039109000,
  1039769627,
  1042143836,
  1042227878,
  1044687875,
  1044788124,
  1045139816,
  1045501370,
  1049077006,
  1049997439,
  1051519025,
  1054021494,
  1055151240,
  1056219956,
  1060806853,
  1061382253,
  1062211800,
  1063273570,
  1064488480,
  1066401727,
  1070477904,
  1070800980,
  1073005947,
  1073185695,
  1073645898,
  1075260298,
  1078626766,
  1083454666,
  1086531968,
  1086561466,
  1088387561,
  1094482710,
  1101977992,
  1102246882,
  1103669955,
  1104740033,
  1105074252,
  1105222769,
  1108728549,
  1109242890,
  1110051703,
  1110561113,
  1111767781,
  1112576031,
  1113423934,
  1114057121,
  1114919531,
  1115195164,
  1115266930,
  1115438165,
  1116666771,
  1118753229,
  1121122752,
  1121447421,
  1122721015,
  1123289549,
  1124791247,
  1127401868,
  1128868263,
  1129841133,
  1129966612,
  1130301905,
  1131570933,
  1132610790,
  1132666825,
  1135048762,
  1137522503,
  1137623865,
  1139217683,
  1141231427,
  1144108930,
  1147182857,
  1147722294,
  1148637874,
  1150957463,
  1151624117,
  1152185684,
  1153851501,
  1154112991,
  1156766310,
  1158577467,
  1162936798,
  1163313729,
  1164780418,
  1168120094,
  1168279879,
  1172819419,
  1174619517,
  1178402198,
  1185044669,
  1187262410,
  1189515557,
  1190959745,
  1194314738,
  1195795737,
  1204554544,
  1205777106,
  1208178698,
  1208199196,
  1213110679,
  1215867947,
  1227464303,
  1227619358,
  1229309669,
  1230092639,
  1230900941,
  1233429312,
  1236261662,
  1237322012,
  1238489553,
  1238616728,
  1240764503,
  1245245250,
  1248300236,
  1250739824,
  1255820950,
  1257726610,
  1258459317,
  1260276489,
  1260973671,
  1262696576,
  1262976197,
  1264627439,
  1264817709,
  1265768163,
  1266605903,
  1267248590,
  1268000110,
  1269406752,
  1270425987,
  1274629594,
  1279743899,
  1282409605,
  1283070434,
  1284660444,
  1287114315,
  1288775055,
  1289335735,
  1290659378,
  1292006996,
  1293320728,
  1300383328,
  1300521576,
  1300601360,
  1301377876,
  1304835690,
  1311549152,
  1312349943,
  1318824511,
  1323602331,
  1324160811,
  1333685350,
  1334948905,
  1341853635,
  1346174542,
  1348255379,
  1350266113,
  1351345223,
  1351934195,
  1351995223,
  1353963249,
  1356425228,
  1356701299,
  1358580979,
  1358796011,
  1360280366,
  1362834840,
  1363045322,
  1364093128,
  1372366437,
  1373365825,
  1380786643,
  1380889295,
  1384907698,
  1388337879,
  1396138699,
  1398556760,
  1398644501,
  1399116813,
  1399125485,
  1399399247,
  1400285365,
  1401494901,
  1402331728,
  1404280278,
  1414318909,
  1415306249,
  1417097773,
  1420250114,
  1421620240,
  1423551951,
  1426245435,
  1427408396,
  1428738283,
  1429157787,
  1430166551,
  1432063067,
  1432477444,
  1433829874,
  1434444856,
  1436280767,
  1437784630,
  1439025357,
  1439236385,
  1440942217,
  1441282327,
  1442645480,
  1442901720,
  1448530832,
  1448891847,
  1452207730,
  1457850878,
  1458777923,
  1458854788,
  1459413496,
  1461495731,
  1462789551,
  1462863342,
  1463179852,
  1463491026,
  1463866116,
  1464689331,
  1465645203,
  1473392040,
  1474833169,
  1476211373,
  1476562293,
  1478446501,
  1479575244,
  1483422903,
  1484182762,
  1486421564,
  1489470342,
  1490404473,
  1492192799,
  1493869940,
  1493959603,
  1494664305,
  1495170053,
  1496786971,
  1499086275,
  1499932141,
  1500142232,
  1502574958,
  1502789949,
  1502883016,
  1505795335,
  1507977295,
  1508545802,
  1509658266,
  1510474410,
  1517114033,
  1517273377,
  1518163459,
  1520045406,
  1521681079,
  1522395419,
  1523252771,
  1524325968,
  1524957316,
  1525679891,
  1528073014,
  1528087670,
  1532062767,
  1532329536,
  1532649039,
  1534827968,
  1536830211,
  1543867758,
  1544374108,
  1545747467,
  1547837107,
  1550207533,
  1551901393,
  1554270776,
  1554426955,
  1557810404,
  1560024710,
  1561939997,
  1564674546,
  1567121210,
  1568625581,
  1570591835,
  1580723810,
  1581030105,
  1583071032,
  1586901783,
  1586983133,
  1590767370,
  1592822761,
  1595850963,
  1596168661,
  1597951661,
  1603481258,
  1606946231,
  1606985788,
  1608776735,
  1609005592,
  1614285132,
  1616927224,
  1617428359,
  1617819336,
  1618907920,
  1622650073,
  1623161625,
  1623187656,
  1624379149,
  1625151580,
  1626979010,
  1628320384,
  1633413200,
  1635339425,
  1636807826,
  1637121029,
  1637608155,
  1640687929,
  1645347854,
  1646035001,
  1647259579,
  1651659860,
  1652188234,
  1652354189,
  1653662173,
  1654001669,
  1657737442,
  1657922431,
  1660760808,
  1666190318,
  1668306648,
  1681462533,
  1681484711,
  1681808623,
  1683337704,
  1703775251,
  1705698828,
  1706755176,
  1706993431,
  1708006727,
  1709087011,
  1715914100,
  1719533808,
  1722321934,
  1722463037,
  1723153177,
  1724586126,
  1725004503,
  1728536152,
  1732267506,
  1737195272,
  1743532054,
  1746004787,
  1746007307,
  1746474819,
  1748946057,
  1751072698,
  1752200983,
  1754711748,
  1755699915,
  1756872112,
  1759921226,
  1760348381,
  1763464891,
  1763800679,
  1767145035,
  1771024152,
  1773470415,
  1777724115,
  1778878209,
  1779636775,
  1780776563,
  1784484492,
  1785108621,
  1785684024,
  1789665274,
  1789871857,
  1790245761,
  1790318751,
  1791728192,
  1792486327,
  1795739911,
  1796102646,
  1796198014,
  1796580167,
  1797619589,
  1799809565,
  1802916854,
  1807130337,
  1807270791,
  1808266298,
  1808275514,
  1812423303,
  1815859901,
  1816731566,
  1817129560,
  1823811151,
  1826500519,
  1828087692,
  1834735140,
  1838659649,
  1840127450,
  1844185784,
  1845146044,
  1847320614,
  1848682420,
  1849385936,
  1850318675,
  1854658689,
  1855794244,
  1856734759,
  1859468872,
  1862972615,
  1864546517,
  1866566972,
  1866729662,
  1867224300,
  1872357125,
  1882410547,
  1885902501,
  1886377448,
  1887766714,
  1887985652,
  1891469415,
  1893015680,
  1897741295,
  1899894091,
  1901915394,
  1902737335,
  1904797942,
  1908194298,
  1911300560,
  1912844175,
  1925270571,
  1927702196,
  1927703510,
  1928256141,
  1931706890,
  1935350805,
  1936329094,
  1939824520,
  1942727722,
  1951398138,
  1951894885,
  1952509530,
  1954899097,
  1962408013,
  1962853711,
  1968456301,
  1971062967,
  1971319798,
  1974044557,
  1974593928,
  1976226904,
  1977466363,
  1978084747,
  1978847939,
  1987502657,
  1995333979,
  1996510761,
  1996923781,
  1998097157,
  2000755539,
  2001271631,
  2003266087,
  2005815166,
  2005986288,
  2007237709,
  2008416046,
  2008437311,
  2009907127,
  2014119113,
  2014885176,
  2018044936,
  2018358643,
  2018984926,
  2020739063,
  2028195356,
  2028841238,
  2029909503,
  2031615252,
  2034712366,
  2034837525,
  2035308228,
  2038299453,
  2043046042,
  2043874587,
  2044747317,
  2045329870,
  2048760593,
  2049590396,
  2051621609,
  2051724831,
  2063936098,
  2067029090,
  2068370778,
  2069048048,
  2072002281,
  2076422667,
  2078169651,
  2083245269,
  2088376824,
  2090245054,
  2090265324,
  2092190960,
  2092396112,
  2095688080,
  2096192221,
  2098478515,
  2098603321,
  2108898567,
  2110010672,
  2111482797,
  2111631616,
  2118498354,
  2118797801,
  2119315080,
  2119878818,
  2120263734,
  2121578553,
  2124639789,
  2128236579,
  2129300973,
  2137606534,
  2142326661,
  2145586676,
  2146319451,
};

