#define N 32

float path_in[N*N] = {
  0.0386381252715,
  1.26837002944,
  1.82900737952,
  1.11057576893,
  1.89448074779,
  2.60092752457,
  1.97763868384,
  6.7241049488,
  0.805512652426,
  0.907474073736,
  2.20791398246,
  2.56676512737,
  3.44369473579,
  0.960365244058,
  1.41861430054,
  0.623088566127,
  9.77246299247,
  7.20656277321,
  0.39100708706,
  0.757128562359,
  0.292442657596,
  1.06122081028,
  1.70418904498,
  1.74079141634,
  0.281798377182,
  20.0980069141,
  2.27144864606,
  0.0152759889943,
  0.994894436008,
  2.33027119877,
  0.390280788788,
  5.58517202792,
  0.351965257885,
  2.47910781829,
  0.81274293189,
  0.980652132403,
  1.16615807795,
  1.66236377553,
  3.4641929075,
  0.498555165286,
  0.176887807919,
  5.19676057016,
  1.38316779816,
  0.425511193572,
  0.10319999507,
  0.652112000994,
  1.79167495616,
  2.35718031459,
  1.2965988033,
  2.35884945433,
  0.0879240611783,
  2.18986060586,
  0.545438796172,
  0.732710937079,
  0.271092402332,
  1.15611826856,
  0.963893694098,
  0.349718102677,
  0.941236819376,
  1.74239301029,
  0.800891324726,
  7.28927947062,
  0.647658965354,
  1.52270425402,
  6.95386553294,
  0.109601738754,
  2.8660900358,
  2.47060641015,
  1.49879903079,
  0.87266359707,
  0.518102984423,
  0.231629624125,
  8.62334710405,
  3.74421703965,
  1.21623946249,
  1.91702331785,
  5.19466540437,
  6.17059869913,
  2.71474603261,
  1.24554719001,
  8.113515978,
  0.969677098515,
  0.337007554104,
  0.904676273696,
  0.499918416672,
  4.77520653157,
  0.412933936618,
  2.63911166592,
  3.62365921081,
  0.960964322392,
  0.559669066343,
  8.67323387138,
  7.14096796505,
  0.890766135245,
  2.64978967315,
  2.49437815334,
  1.96470370307,
  0.118137403962,
  1.79744799436,
  1.70467119328,
  3.82501282411,
  1.51377194003,
  1.69654889826,
  0.264782173763,
  2.63493281137,
  1.35261760191,
  3.68510947548,
  0.0753778568624,
  1.02980928976,
  4.89176980666,
  2.70915595409,
  2.07566437077,
  3.79963405831,
  4.21548048077,
  0.976904619403,
  1.10337432441,
  1.04399296456,
  4.12456886803,
  3.02560283151,
  3.18094982992,
  1.01949311676,
  3.15841204409,
  1.96811349953,
  0.634256373353,
  1.53757059479,
  4.23117830305,
  0.87426935671,
  4.89154310139,
  0.0157119477613,
  1.0847622192,
  1.35980188832,
  1.99164374002,
  0.567455916736,
  3.96510233956,
  3.13171668291,
  1.11605850963,
  2.59020835401,
  0.473978380152,
  5.00940613819,
  8.08139652413,
  6.02333235567,
  5.27341625017,
  0.7351596887,
  3.67818610794,
  11.4823954577,
  2.38552386527,
  1.41237469903,
  0.570892726339,
  0.39526833825,
  0.216046359183,
  1.1036142496,
  0.558437806742,
  2.11581509669,
  1.24165822802,
  1.30595139279,
  4.89463491801,
  1.57751176239,
  1.46858007248,
  0.0380056964882,
  0.749133391189,
  6.52847076912,
  3.32590836468,
  0.0666514325093,
  0.928398902507,
  6.72590943713,
  0.574653687315,
  1.35259110205,
  0.392919171512,
  0.684734792627,
  0.556721658363,
  13.4333732085,
  3.10839865054,
  0.206621384957,
  1.9792583215,
  1.62239032384,
  6.21949237206,
  0.323577656243,
  4.64183235042,
  0.926534939226,
  4.69378602039,
  3.10077027237,
  0.0546438366893,
  1.70897631678,
  0.217222218069,
  2.91549064054,
  0.918564536069,
  1.33797566385,
  0.0634151992902,
  2.20763727518,
  2.52075808452,
  3.04892907445,
  0.141667258428,
  7.18784632571,
  0.691553701051,
  0.955669308034,
  0.986619147773,
  3.17919417507,
  0.255329616695,
  1.93684580284,
  3.27600590722,
  4.06173373844,
  1.1955270714,
  0.99401381956,
  0.365132766962,
  0.522774801885,
  2.37655288123,
  5.31579493763,
  3.20079752374,
  2.71741553106,
  0.194955390254,
  3.91765600971,
  0.698513712375,
  5.96239291309,
  4.10601774497,
  0.122437412148,
  3.30829458176,
  5.40834128949,
  0.690492160622,
  0.141213394051,
  2.23871911308,
  1.77530815631,
  0.19529289993,
  0.228556927266,
  2.58298163869,
  1.64245946615,
  2.45327033725,
  3.83903209864,
  0.753843721522,
  0.932107722829,
  1.19518656782,
  0.412807539524,
  0.310813501319,
  0.581964379348,
  4.84858128112,
  1.68209883097,
  1.44472133969,
  1.65934971348,
  0.570068394779,
  1.93960366468,
  0.792890066858,
  3.97076629446,
  0.390822586762,
  4.16152042216,
  2.52059536429,
  1.09950892858,
  0.564969977804,
  0.274054029911,
  0.0778199561957,
  5.12786702208,
  2.98228788111,
  0.73801972649,
  0.111848384461,
  2.76220615198,
  0.088769390347,
  0.641426834263,
  0.849801033628,
  0.0804535647557,
  1.22230328512,
  5.72132552959,
  0.209180449372,
  3.04241955049,
  1.72638519865,
  1.63300996151,
  0.179762103811,
  0.609214487807,
  3.46653707336,
  4.84572934977,
  1.71781552054,
  5.50411813043,
  0.675100573396,
  1.55265418856,
  0.423988225856,
  2.97265985012,
  1.13353887417,
  1.46507746319,
  6.81863702551,
  2.58359909758,
  0.145020013611,
  5.30962622073,
  3.45816630973,
  3.32684154741,
  3.98967924221,
  1.22932781952,
  3.28245805234,
  2.48322511735,
  4.12738933137,
  3.85274240523,
  4.76539166393,
  0.461708128877,
  2.27385912412,
  0.372937246679,
  0.109350314284,
  0.962512013942,
  2.94400664323,
  5.31615911187,
  1.14716568434,
  1.35757190784,
  0.397700050924,
  1.60298707349,
  3.40962817358,
  0.668520642103,
  0.458361530222,
  1.01475439345,
  1.3846110801,
  3.31923659172,
  0.0507961542977,
  1.85191651197,
  1.5941927622,
  3.67722548871,
  1.4849942678,
  1.37322074203,
  3.5443505422,
  1.08936701298,
  3.84929362727,
  2.22388766844,
  2.49427593854,
  0.298469369858,
  4.06682268328,
  1.88049977419,
  0.259633217028,
  1.04050106291,
  2.51122101894,
  0.0975569543255,
  1.12596462802,
  1.72178931936,
  0.957956672706,
  2.76175370255,
  0.855422543268,
  0.568779553069,
  0.979251582321,
  3.79968669321,
  1.17839487572,
  0.568567259846,
  0.399189687059,
  1.55829743789,
  0.181459657353,
  1.35693383119,
  4.253830607,
  2.42215119948,
  1.60961320601,
  0.0372698282642,
  1.09942513593,
  4.18177085657,
  6.81103926795,
  1.15782731225,
  4.69828638862,
  0.99504894539,
  1.70038253059,
  4.27485924983,
  0.159264513205,
  2.56598548012,
  0.425895979893,
  3.08329803082,
  5.72784688904,
  1.46241534403,
  0.090145517555,
  0.123713914641,
  0.834740164997,
  0.056072679041,
  5.29224968495,
  1.18724152022,
  8.26389155254,
  0.298192442375,
  4.53821087072,
  2.73044741177,
  4.17050653903,
  0.221454180715,
  1.16254610981,
  0.818969721835,
  1.54678906322,
  0.510469392435,
  4.60612806751,
  0.621013318624,
  0.111997610157,
  2.23533315361,
  0.569966543443,
  1.07883683018,
  1.63179921415,
  6.89193429317,
  2.74542883714,
  0.248824718561,
  1.06309498922,
  2.62891627529,
  0.789703587299,
  2.71064511378,
  3.43166454569,
  1.89197237835,
  0.293371560269,
  2.12868269972,
  4.03002537838,
  0.154468098032,
  8.42318844235,
  2.39140527844,
  4.14582569222,
  1.31960286266,
  2.85832560527,
  0.555872909893,
  3.10604314083,
  0.511656621431,
  0.714241009911,
  0.120691785256,
  0.424897279203,
  2.64367237684,
  0.42867732653,
  0.105629847867,
  4.81169179711,
  2.69166712209,
  1.8573012165,
  1.7614792218,
  0.419777652251,
  1.6547848798,
  0.520142171013,
  0.35562158571,
  0.315251516816,
  1.61052494941,
  3.24654058316,
  1.92695826275,
  3.61836085704,
  1.6040768044,
  1.23988361319,
  5.69751737708,
  3.87883818462,
  1.11413404095,
  5.25062611024,
  6.86849021588,
  4.68546872489,
  3.43426576258,
  0.485049566408,
  0.400520474126,
  0.167901659875,
  0.411493111379,
  0.502014675918,
  0.526808418512,
  1.64663290028,
  4.13810198628,
  1.67542587945,
  3.24881397219,
  1.33186524875,
  3.16643832469,
  0.626301764723,
  4.12590659181,
  0.49416360269,
  3.38876764574,
  0.182054398929,
  8.4464934366,
  6.18338550016,
  0.316602849907,
  0.599849449138,
  1.83035757519,
  3.66109395973,
  1.05669308416,
  2.43352512923,
  0.392594373852,
  0.454553763846,
  0.146217378565,
  3.37128343585,
  0.978095831959,
  2.01199287952,
  0.699560350735,
  0.0229487030092,
  5.29285992385,
  3.74581443054,
  0.0839179960936,
  2.66200987347,
  0.370583205703,
  6.33485472094,
  0.653418723164,
  2.76088385175,
  0.183326560466,
  3.70010577216,
  0.385970794703,
  10.1519758938,
  1.7479116035,
  0.595750197501,
  0.383298823159,
  6.69088630018,
  0.539297370636,
  0.0390849414139,
  2.05695126368,
  1.8444047674,
  1.57505061233,
  3.98371224027,
  0.00862437032111,
  2.8017560633,
  0.991303936915,
  2.10428528882,
  1.26949470301,
  2.42186779329,
  0.0369123772539,
  1.00060624287,
  2.20908481139,
  2.59998795708,
  6.2240147777,
  0.954515034314,
  7.72365661583,
  1.51722722215,
  0.0810752153506,
  2.33528120225,
  0.991596057151,
  2.64992022693,
  2.10585177041,
  0.983236007787,
  0.0903514801907,
  0.654176566472,
  0.265376986677,
  1.64550109547,
  1.71752451574,
  8.67014612119,
  0.0409258911396,
  0.326065088109,
  1.949556912,
  0.758776605851,
  0.122998112545,
  3.2765463288,
  8.17913757453,
  1.04620048057,
  0.0551060975639,
  4.78409914538,
  0.475853506907,
  1.20674816323,
  1.82291490405,
  2.23506623849,
  4.45353863639,
  1.3020251056,
  0.745173500669,
  4.63820647675,
  0.0146546533002,
  2.86848064738,
  1.29716241088,
  3.82684249851,
  0.367952345609,
  4.21984509741,
  2.17073222965,
  0.391695132304,
  0.251728939256,
  5.09786980814,
  0.412432313812,
  2.36335538113,
  0.531444383545,
  0.0352941650347,
  0.697212253998,
  1.19347611019,
  0.326241452049,
  0.97835137076,
  0.281277290202,
  1.75593047897,
  1.07588972007,
  2.06780066857,
  0.052176618343,
  1.5215634036,
  0.694111448214,
  1.49730881939,
  0.730849800918,
  1.51251031308,
  6.28763857081,
  0.837172478705,
  0.119785435741,
  5.31011233744,
  0.766088683507,
  0.510604984206,
  1.77868640149,
  0.367933088073,
  0.4854499377,
  0.794386496377,
  1.47898893974,
  0.280864818521,
  1.18623321685,
  0.934371807961,
  2.05186817023,
  1.24535842782,
  1.3236965503,
  1.20466421417,
  0.401576156663,
  3.45284576313,
  3.57845273984,
  4.27700327269,
  2.40055574849,
  3.90470946474,
  1.79492096326,
  3.5438398004,
  0.525657673577,
  2.33963573751,
  4.4881915675,
  0.496994495983,
  0.514146381043,
  6.85320936461,
  0.317401697552,
  2.10762371633,
  2.24842375679,
  0.13270253099,
  6.11451035966,
  0.445356707341,
  0.879507233413,
  0.254047698603,
  1.94389899155,
  1.16274944473,
  3.93551197537,
  0.303535858986,
  0.209760107601,
  0.703102045371,
  3.10519780014,
  0.954993054759,
  0.447924328729,
  0.718324968634,
  2.67738884627,
  4.55211089855,
  1.86596660555,
  2.56876680651,
  0.338364680039,
  2.10575612367,
  4.18229992391,
  2.53326464611,
  1.97476476278,
  1.93249976754,
  0.748643479188,
  0.808076212664,
  5.00729330569,
  0.142098376932,
  0.334190003986,
  0.745844913468,
  0.58989104847,
  3.94652459666,
  2.08496965004,
  2.41648603889,
  1.04438325901,
  1.34428832586,
  1.82711094251,
  3.06615267141,
  0.256940294102,
  0.678777319928,
  1.18320597283,
  0.191113744053,
  12.5945905192,
  3.29351955649,
  3.67306898645,
  2.61838068159,
  0.594109005908,
  6.9434042746,
  0.313434193153,
  0.849116435373,
  0.548854422311,
  9.73221227697,
  0.980265201814,
  13.2649244521,
  3.91338373643,
  0.851315787098,
  0.0385464010936,
  1.04084260482,
  0.695013411157,
  2.64833254955,
  2.8700742635,
  0.266695983962,
  1.03387574013,
  1.21735882876,
  4.53235774422,
  1.41116304688,
  0.736054709621,
  3.18154189691,
  0.0462344181861,
  0.0784168944852,
  1.2196875668,
  0.579189249445,
  0.228111638457,
  0.578658529296,
  4.3783102239,
  2.6567420636,
  0.306685789293,
  7.19764371614,
  4.4695232903,
  1.00022806622,
  3.84352024983,
  0.238648900424,
  1.92041514653,
  1.66603988969,
  2.2581604798,
  0.0404163217938,
  0.747190246579,
  0.344823742975,
  2.16560087962,
  1.31709012365,
  0.0294304974298,
  1.06435641298,
  0.852564214053,
  1.86674799165,
  1.24850565626,
  0.909626277892,
  4.48084085524,
  0.912485815625,
  3.669147959,
  2.64401109302,
  1.94634004444,
  0.831480379222,
  4.60891222544,
  4.71825648056,
  0.109123402275,
  0.569326523899,
  3.87744987552,
  3.623916435,
  4.66856876807,
  4.52657305624,
  0.0306526146316,
  0.59381653255,
  0.701394422112,
  3.60606314026,
  0.418267316577,
  0.984417330025,
  0.713796322447,
  3.05297085946,
  1.89286921868,
  0.805989911836,
  1.56673671971,
  4.90677674472,
  0.327549850744,
  1.0269220373,
  2.12527656642,
  0.815763995747,
  0.542461159663,
  3.67807524068,
  0.0254265483805,
  2.88141399536,
  0.312446219489,
  0.20304180045,
  1.27905782949,
  2.00310951904,
  2.47876570973,
  0.316523487596,
  3.58598628247,
  2.8849492785,
  7.77547110433,
  6.62887010872,
  0.190691269408,
  0.244724946381,
  2.39708638166,
  3.30389673436,
  0.460768428342,
  1.28702156674,
  7.99852478704,
  3.37646310338,
  7.05899814959,
  0.785449767507,
  0.1329698085,
  2.27329019857,
  1.51046899541,
  0.131429002177,
  0.746523933721,
  2.79285156399,
  0.0214656822308,
  1.07374684671,
  0.365079272599,
  2.79711926733,
  0.522024907216,
  0.644995298637,
  5.2656786545,
  0.964360262448,
  0.459093101015,
  0.87355624985,
  0.668367381827,
  1.42757290597,
  0.801672155469,
  2.63930069232,
  4.27519307299,
  0.302331920939,
  0.0699174504937,
  1.38436258023,
  0.192935367819,
  1.1383385427,
  0.872920102301,
  0.886522943555,
  1.62745969871,
  5.62671508931,
  2.60875456863,
  0.418912837879,
  4.73691678368,
  3.87895240433,
  1.75476950757,
  8.88780841912,
  1.32905041023,
  1.97416236411,
  0.118153143436,
  1.7225642453,
  0.515638165983,
  0.649017033308,
  1.38560866932,
  3.83385296237,
  0.425611399174,
  6.63381050355,
  2.56906582437,
  0.474747049842,
  1.93978265822,
  3.02622153805,
  0.258419920722,
  2.145687926,
  2.22097196053,
  0.823949391151,
  1.57903741406,
  0.995018516008,
  3.29744727508,
  1.15363822133,
  0.0652001390476,
  4.51485372662,
  0.531576039888,
  0.956619441555,
  0.72662097259,
  0.530095931154,
  0.868200568213,
  0.478038037677,
  6.40309491574,
  2.16738653566,
  1.67177427204,
  4.78211361746,
  3.8735867533,
  1.20898452489,
  4.63257320744,
  2.41765762747,
  0.891548725903,
  6.19724284886,
  1.97050044421,
  7.57476720968,
  5.07019198829,
  0.0681597541123,
  3.40931521924,
  0.0473526130521,
  0.553825167867,
  1.5913410715,
  6.66665461055,
  0.718389491294,
  0.0939287017695,
  4.89681198398,
  1.15820390874,
  0.149053290963,
  0.241167950831,
  2.21303527687,
  2.90070510773,
  2.74270942506,
  2.14769779552,
  4.20760242398,
  0.258039585923,
  4.7134840482,
  4.87697590325,
  1.29310189876,
  0.431001436809,
  0.530525782057,
  1.81325647858,
  0.612798448906,
  1.08854173724,
  0.48789411342,
  2.51970150437,
  1.06222023103,
  1.75260874196,
  0.966142626919,
  0.503539264902,
  0.0123416215563,
  4.77630821944,
  5.39588721212,
  1.77417610107,
  6.96134473563,
  4.3471858788,
  2.63474666956,
  0.774749569009,
  0.205834999295,
  0.587188798549,
  1.58565812753,
  1.66254264047,
  0.814629512653,
  2.0692810068,
  0.771794858269,
  5.23657518014,
  0.516584896277,
  2.53524356537,
  1.18780786265,
  1.95432708386,
  0.851714826626,
  3.86538093438,
  3.71871133067,
  0.240926244211,
  1.39053010572,
  0.376385691903,
  0.598147682428,
  2.84035691121,
  4.99101927959,
  9.53198820073,
  1.53532032393,
  0.418365440035,
  3.19052402238,
  1.48709257429,
  0.140489817973,
  0.0448419661956,
  0.843346720152,
  0.401202371122,
  0.349256459544,
  0.961506793311,
  0.539104875542,
  4.07489244512,
  3.60436997733,
  0.219945588144,
  2.11306402375,
  1.90934673681,
  5.24531496612,
  0.964341608117,
  1.39318633012,
  0.612144714045,
  2.86408236343,
  1.78467390084,
  1.10123333878,
  0.901484660876,
  2.57168134269,
  6.72921332545,
  1.89418047462,
  0.828557016514,
  0.532395557493,
  0.799018421331,
  0.199889549212,
  1.47705530646,
  5.40136909888,
  0.24063593324,
  2.5004222534,
  0.682817995709,
  3.82735129801,
  3.30573615459,
  2.81726653383,
  2.73454233022,
  0.390792871368,
  1.92856986102,
  0.704914450741,
  0.293470959868,
  0.683146532935,
  1.54199051576,
  0.117427585545,
  0.728161493899,
  2.3581668288,
  0.0702335314848,
  0.982734473358,
  2.5397246384,
  1.78654887768,
  3.99134736334,
  1.43012867797,
  0.762307832224,
  1.6608259628,
  2.55234464649,
  2.91370850911,
  2.5266345857,
  0.183191479039,
  0.802174681325,
  0.365918246649,
  3.2621365144,
  3.19329968085,
  2.3382818473,
  2.00141677399,
  0.272104177561,
  0.451251094798,
  1.16042642766,
  2.42326962407,
  0.310270369053,
  1.5189882794,
  1.10766524135,
  0.278644699598,
  6.76621410544,
  1.13454392438,
  1.00695765282,
  0.874577328533,
  3.74235026881,
  4.71022368842,
  4.91901096931,
  4.1537982494,
  1.08599583746,
  2.00612236484,
  0.245359668632,
  5.85038334135,
  1.8611095274,
  5.0835940955,
  1.42252892094,
  3.3126046092,
  0.413865865461,
  3.25621482222,
  0.855081854724,
  4.49182079798,
  1.48616119151,
  6.57501710329,
  1.10124569225,
  3.99977205566,
  0.460722017626,
  0.471777845436,
  3.29782910406,
  1.42342686516,
  1.41626837214,
  3.21263980418,
  1.42762287811,
  0.881529401217,
  0.786066901947,
  0.663250873251,
  5.90721074003,
  1.95785734185,
  4.28158257374,
  0.311452813802,
  2.77064555794,
  0.0730700627074,
  5.08147281528,
  0.486832513012,
  2.69255798927,
  5.62499655881,
  2.00400265715,
  0.764812649689,
  0.109443625296,
  0.0513101858968,
  0.361855087028,
  0.192931455993,
  1.07401309885,
  0.11330926391,
  0.230784158843,
  0.986498714794,
  1.56256625671,
  0.797012670487,
  0.688480625155,
  0.635716361583,
  1.64881075862,
  3.54197951615,
  0.709093779711,
  0.210610635602,
  3.06988752328,
  2.36765896388,
  0.114015326888,
  1.07176524063,
  4.07558994786,
  0.804857441482,
};

float path_ref[N*N] = {
  0.0386381252715,
  0.304464715223,
  0.194862976469,
  0.196182128761,
  0.232207121221,
  0.419895502315,
  0.164565885621,
  0.364958408208,
  0.185196304397,
  0.405249223086,
  0.256202233205,
  0.10849320658,
  0.382945191381,
  0.307820924024,
  0.0855445035704,
  0.386307970811,
  0.372564174679,
  0.26315975564,
  0.315105482222,
  0.263150846154,
  0.268871064036,
  0.155765806967,
  0.0601179551899,
  0.442778364404,
  0.281798377182,
  0.364532448538,
  0.250809224598,
  0.0152759889943,
  0.186418421599,
  0.124629444984,
  0.235221577138,
  0.303846007144,
  0.257341372675,
  0.45746664528,
  0.347864906525,
  0.351640654191,
  0.27899787789,
  0.502705860726,
  0.247376244031,
  0.35664991173,
  0.176887807919,
  0.429345114355,
  0.405325758731,
  0.261495136636,
  0.10319999507,
  0.220626592168,
  0.238546433627,
  0.533280768519,
  0.223891780327,
  0.341971759781,
  0.0879240611783,
  0.287246737423,
  0.208829842937,
  0.32190782153,
  0.271092402332,
  0.434469867926,
  0.539139749856,
  0.349718102677,
  0.388589638082,
  0.259185945361,
  0.352560436161,
  0.277631375041,
  0.317003574379,
  0.447478743362,
  0.366943111429,
  0.109601738754,
  0.390632545957,
  0.461242392945,
  0.388599616645,
  0.61230759948,
  0.356977982785,
  0.231629624125,
  0.286489546673,
  0.533807029303,
  0.330915262552,
  0.37109687539,
  0.212801733825,
  0.330228330923,
  0.348148172381,
  0.512374919905,
  0.333493519081,
  0.451573498535,
  0.197525799933,
  0.391708652371,
  0.318431581692,
  0.431509560284,
  0.380694141087,
  0.309449580321,
  0.630669383525,
  0.459319841432,
  0.379367030815,
  0.343478008586,
  0.462162174916,
  0.320399014472,
  0.426605313133,
  0.557080482116,
  0.214803719265,
  0.118137403962,
  0.388632969331,
  0.165523374417,
  0.199091771503,
  0.386780152598,
  0.131450535903,
  0.264782173763,
  0.21680596445,
  0.427103928443,
  0.36406781219,
  0.0753778568624,
  0.221337399032,
  0.33876399613,
  0.279314496432,
  0.417917630863,
  0.342029184288,
  0.326405926158,
  0.20606146514,
  0.285005551511,
  0.326967246899,
  0.18737546702,
  0.253887948052,
  0.342602129959,
  0.496602096447,
  0.467855506639,
  0.272663929954,
  0.230079708259,
  0.218028081651,
  0.318399437846,
  0.237097467992,
  0.335455667196,
  0.0157119477613,
  0.320176662985,
  0.21057492423,
  0.211894076522,
  0.247919068982,
  0.435607450077,
  0.180277833382,
  0.380670355969,
  0.200908252158,
  0.420961170848,
  0.271914180966,
  0.124205154341,
  0.398657139142,
  0.323532871785,
  0.101256451332,
  0.402019918572,
  0.38827612244,
  0.278871703401,
  0.330817429984,
  0.278862793915,
  0.284583011798,
  0.171477754728,
  0.0758299029512,
  0.458490312165,
  0.297510324943,
  0.380244396299,
  0.266521172359,
  0.0309879367556,
  0.20213036936,
  0.140341392746,
  0.0380056964882,
  0.319557954905,
  0.164527898875,
  0.176253171264,
  0.0666514325093,
  0.095060158483,
  0.280346331516,
  0.399467579664,
  0.212705095916,
  0.26383643793,
  0.0840743341191,
  0.441579667051,
  0.2386879003,
  0.156632416875,
  0.206621384957,
  0.33459871442,
  0.133683713866,
  0.254976522338,
  0.323577656243,
  0.311298965936,
  0.264177232442,
  0.299481290119,
  0.275957728564,
  0.0546438366893,
  0.108257165486,
  0.217222218069,
  0.446326276057,
  0.35227789403,
  0.287139668563,
  0.0634151992902,
  0.0852964513209,
  0.17276865528,
  0.283360787434,
  0.141667258428,
  0.262843956359,
  0.366784172182,
  0.257182433428,
  0.260958181093,
  0.247132008597,
  0.255329616695,
  0.226885342579,
  0.476097761837,
  0.312240771125,
  0.29565339254,
  0.366134441891,
  0.170812663538,
  0.314740825995,
  0.370140380982,
  0.147863960529,
  0.510306139032,
  0.434883631638,
  0.194955390254,
  0.377424939181,
  0.153555015607,
  0.331190520995,
  0.282810273695,
  0.122437412148,
  0.34466875966,
  0.497219270996,
  0.607607510725,
  0.141213394051,
  0.278119945353,
  0.313462888327,
  0.186948901943,
  0.228556927266,
  0.396996875122,
  0.226501712457,
  0.268604660586,
  0.159002921832,
  0.292754524227,
  0.210789764696,
  0.430431484479,
  0.175101867784,
  0.209248958373,
  0.281768699864,
  0.302177405178,
  0.0992856384265,
  0.205065602046,
  0.371804655657,
  0.271960869386,
  0.182116899037,
  0.28074529578,
  0.36182051113,
  0.352973559476,
  0.182789884877,
  0.160079028246,
  0.136555466691,
  0.252338202434,
  0.156690350657,
  0.0778199561957,
  0.3990397594,
  0.380151877135,
  0.147737406689,
  0.111848384461,
  0.270755324015,
  0.088769390347,
  0.248795461184,
  0.375204367115,
  0.0804535647557,
  0.303573739366,
  0.275316541225,
  0.185436335405,
  0.312660685976,
  0.489843756586,
  0.245019450376,
  0.179762103811,
  0.174450511041,
  0.481939508989,
  0.279047742238,
  0.188946771335,
  0.406773734437,
  0.388274488779,
  0.165998068326,
  0.375562177455,
  0.453017739435,
  0.343613320396,
  0.362551988688,
  0.339841132057,
  0.316317570502,
  0.145020013611,
  0.140571519946,
  0.257582060007,
  0.362251941938,
  0.444986013294,
  0.327499510501,
  0.09572955375,
  0.175672628243,
  0.20508300974,
  0.315675141894,
  0.293100213788,
  0.118684720402,
  0.227487718245,
  0.313547696871,
  0.109350314284,
  0.102972772641,
  0.496130466882,
  0.240800850187,
  0.374132488047,
  0.303881024799,
  0.397700050924,
  0.369076842324,
  0.184728171146,
  0.170581590038,
  0.426505644426,
  0.204229223972,
  0.372942480938,
  0.291273375295,
  0.0507961542977,
  0.315411779424,
  0.354628332391,
  0.276211437905,
  0.274450527369,
  0.178802675592,
  0.451952444242,
  0.400483097584,
  0.47024385263,
  0.369493945,
  0.133960709396,
  0.298469369858,
  0.243314165386,
  0.140978469129,
  0.259633217028,
  0.298825599363,
  0.20715869308,
  0.0975569543255,
  0.336774410451,
  0.317640970268,
  0.331145846053,
  0.0758162293579,
  0.329186578451,
  0.218372034607,
  0.257785099682,
  0.328266149033,
  0.246628892896,
  0.31035868815,
  0.21620677744,
  0.223680189887,
  0.181459657353,
  0.262534872704,
  0.270771619612,
  0.0835042464503,
  0.115686722749,
  0.0372698282642,
  0.358626503053,
  0.198253641506,
  0.306800466802,
  0.446836644031,
  0.486529364291,
  0.217029623409,
  0.297829037738,
  0.222385548493,
  0.159264513205,
  0.304373156623,
  0.275918728688,
  0.139425862402,
  0.208282921517,
  0.313255112469,
  0.090145517555,
  0.123713914641,
  0.311402295736,
  0.056072679041,
  0.321190211398,
  0.141428107587,
  0.351726071581,
  0.298192442375,
  0.165523374417,
  0.311482916587,
  0.426213060023,
  0.20393663957,
  0.342539774001,
  0.423614989352,
  0.251028069295,
  0.296206982695,
  0.209627694648,
  0.335462270639,
  0.111997610157,
  0.178510091189,
  0.399010167594,
  0.421224239584,
  0.470688445936,
  0.197286073092,
  0.154701851397,
  0.142650224789,
  0.243021580984,
  0.161719611129,
  0.260077810334,
  0.191509830581,
  0.354266650209,
  0.244664911455,
  0.248440659121,
  0.17579788282,
  0.399505865655,
  0.144176248961,
  0.47629453558,
  0.299723249153,
  0.326145119284,
  0.396626168636,
  0.158295141565,
  0.45746664528,
  0.284566797043,
  0.135346438556,
  0.457588012201,
  0.120691785256,
  0.339131639215,
  0.151864266053,
  0.184046742352,
  0.105629847867,
  0.270292751723,
  0.200827916486,
  0.375160486405,
  0.473308207763,
  0.419777652251,
  0.285389643012,
  0.155985950291,
  0.300945366354,
  0.17443137997,
  0.213803579308,
  0.344278748291,
  0.414697478917,
  0.471243125158,
  0.361641386404,
  0.362960538696,
  0.398985531156,
  0.58667391225,
  0.331344295556,
  0.531736818143,
  0.351974714332,
  0.572027633021,
  0.42298064314,
  0.275271616515,
  0.400520474126,
  0.167901659875,
  0.252322913505,
  0.502014675918,
  0.521212259382,
  0.429938165575,
  0.481883892158,
  0.429929256089,
  0.435649473971,
  0.322544216902,
  0.226896365125,
  0.609556774339,
  0.583256770051,
  0.49416360269,
  0.417587634533,
  0.182054398929,
  0.353196831534,
  0.291407854919,
  0.316602849907,
  0.470624417079,
  0.162374565412,
  0.218920211653,
  0.109318472899,
  0.113094220564,
  0.14666261765,
  0.334350998745,
  0.0790213820502,
  0.340948097024,
  0.164376810596,
  0.37467477459,
  0.321141145384,
  0.0229487030092,
  0.322120206723,
  0.222276420453,
  0.0839179960936,
  0.36548847701,
  0.370583205703,
  0.273976772305,
  0.229560978652,
  0.232576397658,
  0.183326560466,
  0.134946313167,
  0.201458794199,
  0.41876805322,
  0.349355310467,
  0.493637148945,
  0.220234776101,
  0.177650554406,
  0.165598927798,
  0.0390849414139,
  0.184668314138,
  0.283026513343,
  0.11736594201,
  0.118226109075,
  0.00862437032111,
  0.208824089215,
  0.136181312915,
  0.430080867396,
  0.174751250701,
  0.216674481065,
  0.0369123772539,
  0.435482748087,
  0.26779710198,
  0.11867857166,
  0.221426104146,
  0.318006289104,
  0.0957298686508,
  0.240815440352,
  0.0810752153506,
  0.293393280641,
  0.206150170254,
  0.293384371155,
  0.279056429117,
  0.181932390865,
  0.0903514801907,
  0.294494437261,
  0.265376986677,
  0.368964112287,
  0.281042749599,
  0.116369380385,
  0.0409258911396,
  0.134814810065,
  0.174187009403,
  0.158353476685,
  0.0708180453252,
  0.233574864953,
  0.123973126199,
  0.127748873864,
  0.0551060975639,
  0.349005652045,
  0.0936760353503,
  0.355602750324,
  0.179031463897,
  0.38932942789,
  0.276220409245,
  0.0376033563094,
  0.336774860024,
  0.236931073753,
  0.0146546533002,
  0.38014313031,
  0.385237859003,
  0.28317793168,
  0.244215631952,
  0.247231050958,
  0.197981213766,
  0.149600966467,
  0.0801361312303,
  0.43342270652,
  0.352616422507,
  0.384550624578,
  0.234889429401,
  0.0352941650347,
  0.180253581098,
  0.0537395947141,
  0.0931117940521,
  0.297681166643,
  0.0678885661043,
  0.372353281328,
  0.262751542573,
  0.264070694865,
  0.052176618343,
  0.48778406842,
  0.232454451725,
  0.432846974312,
  0.253084870501,
  0.445930555025,
  0.324090799309,
  0.176381772684,
  0.119785435741,
  0.375709490128,
  0.153433069675,
  0.454196536915,
  0.240477220997,
  0.331048321744,
  0.271649701794,
  0.303832178093,
  0.225415283608,
  0.223654373071,
  0.128006521294,
  0.494945922146,
  0.349686943286,
  0.432421014642,
  0.318697790702,
  0.0831645550986,
  0.254306987703,
  0.192518011089,
  0.0901823148312,
  0.371734573248,
  0.321936264707,
  0.454106867634,
  0.34450512888,
  0.34395218078,
  0.306224316945,
  0.569537654726,
  0.314208038032,
  0.496994495983,
  0.332966356416,
  0.554891375497,
  0.317401697552,
  0.258135358991,
  0.373833134343,
  0.13270253099,
  0.235186655981,
  0.445356707341,
  0.494524919599,
  0.254047698603,
  0.400905944003,
  0.412792998565,
  0.354671525817,
  0.303535858986,
  0.209760107601,
  0.574814452179,
  0.584541966448,
  0.626866133679,
  0.400451377009,
  0.314756929919,
  0.334188473618,
  0.274271597395,
  0.344230013434,
  0.451616059163,
  0.260783097334,
  0.369586095178,
  0.310136380609,
  0.251448691216,
  0.245071149573,
  0.543725272336,
  0.288395655641,
  0.32254274623,
  0.43095146089,
  0.142098376932,
  0.212579426283,
  0.326826548078,
  0.312679966971,
  0.428786203724,
  0.346327600905,
  0.394039083637,
  0.433371752227,
  0.19289453123,
  0.296083672734,
  0.273372816103,
  0.249849254548,
  0.416548904301,
  0.320901052524,
  0.191113744053,
  0.542581474516,
  0.493445664992,
  0.261031194546,
  0.276059086329,
  0.384049111872,
  0.371843939488,
  0.283076846061,
  0.40173159396,
  0.301390357452,
  0.405330573276,
  0.295728834521,
  0.299504582187,
  0.285678409691,
  0.293876017788,
  0.0385464010936,
  0.400959640715,
  0.350787172219,
  0.220515271417,
  0.290996320769,
  0.209359064632,
  0.353287227089,
  0.178936949176,
  0.186410361622,
  0.351958164334,
  0.433033379685,
  0.233501791348,
  0.0462344181861,
  0.0784168944852,
  0.328266149033,
  0.321356674789,
  0.160983813242,
  0.269530638538,
  0.535765672089,
  0.449259536026,
  0.179759795145,
  0.316666346447,
  0.352009289421,
  0.225495303036,
  0.267103328359,
  0.238648900424,
  0.109884062185,
  0.158553725755,
  0.239166534165,
  0.0404163217938,
  0.239508093297,
  0.344823742975,
  0.171866857697,
  0.209192601241,
  0.0294304974298,
  0.454254670172,
  0.257523825472,
  0.115794178656,
  0.261753720826,
  0.341011656169,
  0.134549950656,
  0.230542163844,
  0.311617379194,
  0.312165202725,
  0.246477786934,
  0.312156293239,
  0.294793653737,
  0.174450511041,
  0.109123402275,
  0.287012557437,
  0.391682439367,
  0.358690835779,
  0.299814671683,
  0.12516005118,
  0.0306526146316,
  0.17363489207,
  0.277513789785,
  0.148080200177,
  0.187801113792,
  0.244346760034,
  0.134745021279,
  0.138520768945,
  0.172089166031,
  0.359777547125,
  0.104447930431,
  0.366374645405,
  0.189803358977,
  0.345131267897,
  0.346567693765,
  0.0483752513897,
  0.322827236191,
  0.247702968834,
  0.0254265483805,
  0.390915025391,
  0.312446219489,
  0.20304180045,
  0.254987527033,
  0.203032890964,
  0.208753108847,
  0.160372861547,
  0.226885342579,
  0.394146635017,
  0.374781858847,
  0.519063697326,
  0.190691269408,
  0.203077102786,
  0.191025476179,
  0.0645114897945,
  0.210094862519,
  0.308453061724,
  0.148681756262,
  0.228624375311,
  0.119022636556,
  0.333707763266,
  0.1329698085,
  0.352611528283,
  0.0972819115887,
  0.131429002177,
  0.239837716838,
  0.224357448982,
  0.0214656822308,
  0.257174962841,
  0.331824370381,
  0.237672459671,
  0.234226259832,
  0.202925339584,
  0.284000554935,
  0.27515360328,
  0.104969928681,
  0.08225907205,
  0.058735510495,
  0.304447563229,
  0.208799711451,
  0.209248958373,
  0.430480133443,
  0.302331920939,
  0.0699174504937,
  0.163957745256,
  0.192935367819,
  0.180730195436,
  0.170975504988,
  0.297384410919,
  0.416978742799,
  0.325311836516,
  0.215710097762,
  0.396940689667,
  0.430509086753,
  0.449298989489,
  0.193969372794,
  0.447339721887,
  0.336525178043,
  0.375938243118,
  0.118153143436,
  0.306795172112,
  0.428511831586,
  0.334359920876,
  0.283846469103,
  0.299612800789,
  0.38068801614,
  0.388924763048,
  0.201657389886,
  0.233839866185,
  0.1554229717,
  0.418792782269,
  0.258419920722,
  0.424953610238,
  0.564989787467,
  0.604682507727,
  0.335182766845,
  0.415982181174,
  0.340538691929,
  0.277417656641,
  0.0652001390476,
  0.394071872124,
  0.157236675238,
  0.205906338808,
  0.219286822448,
  0.0877689348459,
  0.286860706349,
  0.392176356027,
  0.219219470749,
  0.256545214293,
  0.076783110482,
  0.210258131045,
  0.280739180396,
  0.163146791708,
  0.309106333878,
  0.332244770002,
  0.181902563708,
  0.277894776896,
  0.358969992246,
  0.261054285342,
  0.293830399986,
  0.0681597541123,
  0.31800900866,
  0.0473526130521,
  0.156476015327,
  0.259273498165,
  0.43903505242,
  0.406043448831,
  0.0939287017695,
  0.172512664232,
  0.0780052276838,
  0.149053290963,
  0.241167950831,
  0.195432813229,
  0.27312471889,
  0.381927716734,
  0.322478002165,
  0.263790312772,
  0.257412771129,
  0.556066893892,
  0.300737277198,
  0.334884367786,
  0.375755314697,
  0.154439998489,
  0.22492104784,
  0.29905221688,
  0.325021588527,
  0.44112782528,
  0.276103513871,
  0.406380705193,
  0.445713373783,
  0.205236152786,
  0.30842529429,
  0.0123416215563,
  0.262190876104,
  0.346324817268,
  0.25067696549,
  0.203455365609,
  0.554923096072,
  0.505787286548,
  0.273372816103,
  0.205834999295,
  0.376977431899,
  0.315188455285,
  0.295418467617,
  0.414073215516,
  0.232643079988,
  0.289188726229,
  0.179586987475,
  0.180906139766,
  0.216931132226,
  0.404619513321,
  0.149289896626,
  0.349682419214,
  0.169920315403,
  0.389973234092,
  0.240926244211,
  0.0932172175853,
  0.367669202386,
  0.292544935029,
  0.0702685145761,
  0.371031981816,
  0.357288185685,
  0.247883766646,
  0.299829493228,
  0.24787485716,
  0.253595075042,
  0.140489817973,
  0.0448419661956,
  0.427502375409,
  0.401202371122,
  0.349256459544,
  0.235533235604,
  0.247919068982,
  0.171142432604,
  0.10935345599,
  0.219945588144,
  0.288570018149,
  0.308163633844,
  0.308635052214,
  0.208513919533,
  0.190497648252,
  0.292451686083,
  0.480140067178,
  0.224810450483,
  0.416564030277,
  0.236801926466,
  0.484656310522,
  0.226871210841,
  0.168737771442,
  0.411835047284,
  0.310359041537,
  0.295619417863,
  0.199889549212,
  0.280964764563,
  0.419765840737,
  0.24063593324,
  0.34255793359,
  0.264141039105,
  0.280735381599,
  0.290241029403,
  0.494383986473,
  0.465266535889,
  0.328038221147,
  0.366023844534,
  0.316258929597,
  0.231442912433,
  0.334704359277,
  0.330457382571,
  0.117427585545,
  0.437176642914,
  0.179835270239,
  0.0702335314848,
  0.459550839364,
  0.45883314813,
  0.565980195349,
  0.310650578655,
  0.30186315561,
  0.356723078158,
  0.492619448978,
  0.401148794037,
  0.371861917183,
  0.28303526531,
  0.183191479039,
  0.348913214174,
  0.365918246649,
  0.403727050566,
  0.505605968909,
  0.267759331417,
  0.350521072046,
  0.272104177561,
  0.41913451757,
  0.323486665793,
  0.379683111806,
  0.310270369053,
  0.529553372917,
  0.449600562299,
  0.278644699598,
  0.406844137788,
  0.387998155588,
  0.3754705081,
  0.510753077985,
  0.508203624991,
  0.612143840814,
  0.50254210206,
  0.506317849725,
  0.492491677229,
  0.500689285327,
  0.245359668632,
  0.680970446677,
  0.501208342866,
  0.541013061172,
  0.611494110523,
  0.41617233217,
  0.413865865461,
  0.615500049614,
  0.393223629161,
  0.70232000928,
  0.534557650717,
  0.440315058886,
  0.506956435812,
  0.398914684239,
  0.460722017626,
  0.471777845436,
  0.36779708078,
  0.590028428292,
  0.742578939628,
  0.830468681215,
  0.386573062683,
  0.523479613985,
  0.502430460068,
  0.432308570575,
  0.473916595898,
  0.619858045612,
  0.190736048299,
  0.191207466669,
  0.121933634231,
  0.0730700627074,
  0.175024100538,
  0.362712481633,
  0.107382864938,
  0.329983744975,
  0.150221641164,
  0.367228724977,
  0.109443625296,
  0.0513101858968,
  0.29440746174,
  0.192931455993,
  0.209039132561,
  0.11330926391,
  0.194384479261,
  0.302338255192,
  0.192947871746,
  0.225130348045,
  0.14671345356,
  0.163307796054,
  0.203660744101,
  0.407803701171,
  0.378686250588,
  0.210610635602,
  0.248596258989,
  0.206012037293,
  0.114015326888,
  0.248124073975,
  0.213029797026,
  0.231442912433,
};

