EdgeArray
637 650
238 481
718 721
888 902
480 719
93 450
141 159
750 974
32 155
782 790
775 931
867 980
72 932
647 649
929 65
667 695
283 290
238 242
128 292
594 617
315 326
551 597
84 112
463 676
237 241
396 454
628 865
337 339
894 57
936 943
633 636
182 819
936 153
451 84
624 640
734 754
979 664
253 503
610 618
689 883
13 43
134 156
653 777
898 916
655 685
627 630
21 498
907 910
780 794
54 81
253 349
262 277
952 953
924 931
972 976
40 55
277 308
288 308
494 512
719 728
991 0
77 96
28 36
744 843
879 907
148 169
143 297
6 954
309 322
354 142
5 36
156 695
142 157
327 438
541 681
86 117
108 211
379 45
995 129
262 313
238 254
254 375
244 597
545 546
576 600
8 133
611 634
595 599
927 941
551 40
441 612
333 363
532 715
804 824
367 398
111 122
419 894
455 479
526 539
181 201
107 51
430 439
694 357
204 583
408 112
627 160
822 853
809 939
127 245
813 638
395 604
9 322
12 112
101 110
813 243
13 241
676 432
137 300
801 830
219 346
837 176
979 7
765 771
159 206
527 534
809 202
289 290
680 682
598 622
672 677
422 479
156 185
412 437
681 196
950 101
248 250
200 203
897 920
424 433
379 381
730 900
951 961
800 777
153 287
366 367
754 763
816 672
240 453
788 891
407 429
771 921
516 524
522 526
958 687
569 586
32 257
815 845
444 468
977 989
701 928
353 434
27 56
374 377
673 799
269 410
149 993
55 308
154 205
82 302
819 833
430 767
946 91
462 658
746 748
374 245
976 983
502 525
371 372
448 626
76 746
587 686
599 532
69 79
881 911
693 707
267 459
24 31
880 908
591 683
778 791
363 509
985 988
588 794
928 950
706 938
985 229
14 35
140 150
133 139
867 877
180 326
418 673
12 511
917 62
556 362
852 856
368 383
302 411
736 749
708 737
804 814
240 402
992 217
55 67
217 244
912 587
80 983
9 234
218 245
385 190
493 691
279 565
197 446
992 998
475 635
326 821
706 731
655 674
782 801
121 145
429 489
907 68
438 454
927 936
172 200
409 70
130 132
95 246
389 409
727 758
90 118
602 937
606 628
795 818
102 121
344 374
571 322
668 681
624 651
752 890
407 422
179 309
151 160
874 40
580 712
241 465
297 314
101 130
882 913
257 978
460 473
913 939
658 162
673 864
270 819
135 155
514 518
323 396
757 972
398 16
815 840
19 176
74 258
209 413
772 498
315 15
510 525
496 732
800 829
484 509
211 217
581 932
540 689
187 414
63 72
234 261
359 377
622 719
580 668
686 711
841 862
763 764
183 205
595 96
648 673
355 176
213 406
432 462
196 378
871 893
553 893
899 79
119 940
397 196
290 291
777 944
715 724
774 14
412 413
415 481
998 240
102 150
806 52
328 378
926 869
306 458
321 993
542 557
351 376
463 702
405 605
852 24
90 117
264 513
908 937
550 581
777 684
598 604
679 908
913 917
147 271
49 64
258 266
597 599
40 46
82 579
644 895
364 693
271 285
523 578
559 734
720 347
688 717
969 989
867 896
232 249
680 686
436 439
856 995
390 410
874 880
534 537
722 859
646 656
605 607
931 941
551 723
760 770
926 931
673 678
743 749
573 276
257 449
941 953
392 400
723 794
811 165
579 548
60 85
162 278
325 356
136 798
485 744
563 566
767 859
821 826
169 178
103 883
570 571
491 688
623 650
262 387
876 209
394 293
921 949
62 75
99 106
34 40
366 934
516 536
116 927
3 27
903 46
462 467
177 207
178 388
50 150
181 184
524 530
675 704
363 373
691 715
11 400
630 644
444 302
975 988
843 863
176 230
420 436
401 417
925 973
986 145
501 509
214 243
459 481
67 101
946 950
883 52
387 876
638 698
495 589
485 509
858 884
898 928
466 479
658 673
581 612
19 20
713 947
799 848
674 803
107 137
58 83
317 770
999 195
787 797
277 290
458 677
96 73
937 251
286 298
546 573
98 551
869 899
867 228
599 604
591 620
65 85
124 591
840 847
101 106
939 100
560 649
481 118
330 359
181 183
195 220
227 241
674 705
711 774
409 552
464 467
392 395
297 319
220 227
968 977
477 496
473 714
933 988
221 424
162 357
848 153
61 225
54 404
462 493
309 318
48 26
504 665
779 787
201 232
917 640
439 458
643 864
54 203
720 732
988 926
424 162
982 127
293 784
604 621
957 958
334 389
690 712
231 234
993 799
293 298
660 673
271 819
903 913
771 777
833 856
457 484
455 547
268 51
882 886
769 772
796 811
61 755
480 553
516 354
773 803
52 446
215 216
697 728
915 39
304 313
229 257
177 932
45 63
210 241
732 956
168 983
23 212
513 537
422 442
445 471
731 638
83 322
700 719
709 779
328 335
764 997
924 931
215 70
172 96
793 809
572 974
141 318
357 524
481 444
429 655
16 37
428 447
796 820
385 413
344 389
31 60
50 54
267 284
543 563
641 733
711 714
311 636
208 130
92 112
698 347
318 322
878 904
578 681
853 25
478 503
176 303
73 93
578 581
521 540
164 258
696 133
562 564
168 191
511 524
812 835
162 350
380 408
330 352
814 581
567 660
261 420
646 185
250 279
691 130
123 133
652 923
15 79
415 181
339 483
947 956
460 594
303 204
921 924
28 123
557 670
553 581
800 812
831 325
750 89
491 514
615 841
927 953
537 560
43 65
963 980
713 305
813 825
613 628
309 325
511 547
719 868
360 362
907 379
145 162
633 855
621 683
695 866
911 930
843 865
90 270
227 761
667 684
535 680
772 797
860 868
680 698
873 894
602 605
748 758
850 348
622 628
850 860
819 853
249 990
888 111
418 443
349 421
406 222
960 39
134 164
89 281
2 21
958 122
325 347
162 387
834 857
728 730
735 572
909 256
980 9
506 524
859 961
961 982
298 308
833 839
946 961
321 333
915 929
325 346
284 494
72 75
709 712
821 845
954 50
521 535
457 486
477 485
369 484
172 7
740 751
587 560
500 116
437 457
252 785
109 206
84 551
527 554
935 948
477 494
964 983
137 158
550 556
363 368
487 502
773 783
576 588
948 953
641 670
970 971
137 281
779 799
992 13
301 327
468 740
184 153
102 125
65 81
548 734
506 828
830 858
239 243
47 112
24 53
110 264
238 258
944 34
532 563
905 466
675 683
526 251
177 96
22 201
465 489
549 554
414 456
41 264
467 280
480 717
476 266
209 752
419 446
1 997
97 122
87 74
666 694
650 676
114 123
580 587
252 923
887 317
759 979
254 273
12 250
55 72
496 165
221 234
838 83
825 723
764 939
164 49
921 945
605 624
635 640
862 865
185 208
341 361
619 644
652 196
388 396
245 398
839 864
17 883
955 966
411 444
770 818
769 790
359 507
838 865
230 250
72 152
716 739
789 998
19 45
438 202
582 700
929 951
7 171
21 358
34 51
765 788
59 84
964 982
756 786
541 163
599 804
48 701
679 708
786 796
768 756
220 224
85 95
178 24
491 945
135 306
602 606
585 590
437 448
594 814
264 290
276 513
967 984
834 356
992 998
459 461
348 561
244 512
572 581
934 604
731 748
869 49
443 384
42 56
261 269
780 181
461 463
694 701
511 624
354 374
920 922
358 703
575 772
520 551
838 851
318 857
673 827
28 43
990 8
146 618
381 475
211 753
725 727
877 889
860 869
612 900
320 391
840 849
319 437
900 914
482 183
752 769
138 147
612 638
388 402
352 581
71 74
808 816
612 811
391 908
826 828
926 941
555 567
184 206
56 85
203 218
129 907
583 602
49 236
729 867
171 185
965 979
669 829
431 896
564 439
411 412
665 674
549 683
822 999
76 87
552 970
470 508
259 260
346 400
242 489
489 543
440 444
536 516
857 925
277 342
633 847
885 689
73 91
357 387
99 322
592 831
423 261
372 385
340 475
896 908
380 769
439 665
893 912
828 855
548 728
51 55
790 53
5 347
65 85
30 61
36 592
95 154
988 66
649 654
875 930
791 818
739 749
796 827
836 850
132 145
233 250
853 89
819 912
106 133
269 279
742 764
538 345
100 101
208 232
380 395
706 727
146 656
849 893
531 561
658 683
131 141
29 448
147 203
671 615
842 856
316 358
505 506
847 856
866 613
591 825
469 539
758 0
315 328
283 479
229 260
354 131
874 888
759 787
183 670
727 735
583 103
68 640
560 785
971 978
964 464
154 69
86 92
506 523
421 446
143 335
928 69
100 131
126 150
27 46
996 321
123 135
524 529
432 985
762 786
124 142
642 826
377 598
647 665
402 611
166 192
395 447
911 920
43 73
120 148
999 28
378 417
961 982
761 781
526 550
808 48
597 768
206 230
881 888
459 483
35 55
233 239
438 636
973 990
957 968
626 634
98 125
290 308
163 181
118 130
420 445
200 334
57 58
494 495
557 560
962 449
791 799
684 625
482 486
817 601
154 161
923 952
379 391
79 244
56 57
665 693
711 121
29 40
748 270
160 211
314 327
200 173
564 134
734 963
73 75
5 7
623 349
606 843
51 126
752 761
502 478
173 194
407 452
983 233
191 204
659 704
963 517
104 824
451 509
754 776
471 253
22 99
20 61
767 618
213 226
130 638
731 733
815 40
846 985
511 542
932 268
715 365
723 780
445 449
465 417
52 247
959 962
605 628
864 874
588 514
530 558
896 103
971 981
949 969
537 546
523 347
735 985
930 92
892 861
600 460
313 318
161 219
519 538
258 880
982 12
708 721
881 912
874 902
870 880
872 548
806 836
112 340
978 86
226 228
134 154
392 399
951 969
373 81
458 506
144 69
452 696
451 468
80 419
765 13
71 112
852 934
105 190
570 583
6 17
100 129
835 839
201 225
429 688
205 220
60 90
185 201
89 308
609 618
462 465
760 787
654 676
710 891
520 523
379 408
365 366
565 677
847 848
672 279
987 55
230 247
631 192
515 720
443 447
383 421
841 48
483 328
39 59
382 973
132 140
897 904
14 242
104 115
348 564
685 875
316 506
70 76
966 982
286 300
596 337
234 261
891 922
667 239
925 944
657 681
706 492
959 5
558 763
572 996
603 634
496 512
916 936
641 692
718 743
830 985
534 732
165 167
620 623
7 13
187 247
720 71
142 168
569 858
115 141
230 895
941 170
70 93
866 878
343 368
690 720
815 828
26 46
751 278
679 709
702 881
574 649
908 915
114 116
196 212
252 332
391 606
455 472
177 204
897 200
155 242
523 543
117 144
882 902
891 689
525 543
759 786
634 867
503 528
99 102
143 230
31 46
248 264
969 246
922 945
938 97
432 77
131 137
173 416
608 853
413 422
940 971
480 485
185 217
757 955
898 915
685 461
80 101
435 140
832 902
113 264
428 717
186 967
791 434
185 465
441 621
449 461
638 669
859 977
96 419
778 485
200 557
916 946
22 42
562 703
877 897
143 580
669 681
214 762
399 424
198 218
680 709
159 177
810 171
807 808
10 548
255 741
222 251
486 507
449 474
895 910
513 708
239 255
437 665
692 795
656 661
654 745
6 20
218 919
762 777
273 465
877 54
339 588
735 891
391 643
121 125
500 628
844 853
335 622
944 67
179 241
589 609
792 944
141 517
180 204
809 268
463 583
281 255
566 751
235 263
14 102
642 787
515 539
49 61
43 733
514 610
66 299
63 79
730 743
257 941
770 799
416 484
402 929
464 478
976 116
912 938
487 969
344 359
506 678
667 858
955 188
669 683
403 534
601 626
75 105
557 422
210 446
603 611
530 540
995 15
341 466
398 418
719 741
835 799
559 564
70 423
251 263
377 396
664 673
317 514
687 787
593 608
312 473
844 862
587 748
76 641
453 476
555 564
553 331
3 13
659 532
369 384
968 990
589 616
880 897
512 620
313 315
171 178
125 711
927 217
279 284
106 282
77 78
284 474
497 519
867 366
779 786
971 212
993 92
310 107
630 550
415 200
150 152
383 402
501 524
527 558
757 765
57 66
686 709
746 774
165 191
868 887
189 207
912 923
671 925
592 607
948 962
288 401
55 65
131 146
650 655
168 193
960 973
866 868
565 576
649 857
790 397
679 706
768 771
914 345
138 155
846 851
94 249
854 878
421 433
883 531
357 383
340 364
433 458
271 294
407 421
843 858
975 993
507 840
914 938
789 2
978 44
352 412
221 249
557 682
198 213
766 776
367 373
278 294
372 387
857 38
256 274
822 833
14 117
997 27
140 165
301 307
360 541
145 762
102 225
313 319
955 973
456 607
869 47
353 436
878 903
286 308
775 742
161 774
609 653
639 957
699 704
608 659
327 340
33 59
726 756
153 704
224 457
42 219
932 950
392 393
632 829
29 482
922 132
987 13
172 202
393 215
858 868
951 973
842 873
548 552
884 946
85 568
371 467
57 87
515 103
216 228
18 29
785 810
484 624
777 784
554 590
807 686
170 265
549 550
468 536
501 514
148 231
939 960
657 856
382 399
435 29
570 823
261 282
32 143
21 566
798 4
323 519
331 338
661 669
886 910
109 129
983 992
521 552
703 720
677 819
738 753
751 779
841 846
877 886
312 323
854 917
201 231
250 264
11 432
470 636
173 225
702 589
381 604
330 333
114 135
119 366
210 994
954 878
191 212
471 475
919 346
459 486
727 743
239 259
138 144
662 669
583 679
466 475
360 839
746 165
485 407
330 354
544 548
565 590
283 674
581 607
535 514
432 454
665 580
390 421
456 239
917 922
718 741
372 385
812 820
694 700
72 94
621 839
469 482
161 342
212 792
894 926
769 383
389 682
964 141
353 535
885 56
533 542
750 763
708 731
949 958
142 165
517 172
864 881
241 255
193 211
513 539
613 714
974 999
156 285
884 463
994 167
815 4
643 745
51 439
568 587
730 891
519 767
108 207
831 845
952 57
577 600
245 349
488 367
545 737
474 552
832 852
200 355
222 398
88 232
922 931
147 164
989 995
723 719
848 864
637 205
471 641
349 971
651 322
203 27
654 342
179 302
932 41
987 339
596 848
111 112
550 581
35 923
868 144
201 317
178 203
314 608
391 392
82 702
58 81
696 875
788 193
632 643
716 758
400 406
829 0
6 818
550 740
389 895
45 493
271 289
259 273
652 933
147 940
552 713
862 863
677 429
342 459
817 374
531 604
995 5
25 35
827 3
782 792
844 871
579 605
509 518
83 112
594 624
343 449
956 981
351 369
743 753
969 976
176 197
707 725
913 940
724 554
450 697
993 0
413 440
91 119
547 122
237 391
320 386
8 12
0 246
117 583
630 659
617 637
99 700
647 419
323 340
306 456
198 203
772 8
416 437
507 696
661 243
97 110
496 524
64 81
203 210
467 477
486 821
657 661
671 692
346 583
699 707
84 541
969 995
647 675
905 930
602 612
87 95
383 175
936 964
736 761
707 923
188 247
741 806
736 761
368 387
984 148
803 2
55 58
447 455
222 728
670 699
62 243
840 844
150 221
574 626
162 189
568 577
768 791
446 476
670 684
300 324
27 36
851 577
920 934
342 24
586 174
111 342
341 355
739 745
827 831
64 99
814 838
225 233
269 284
339 807
959 971
536 320
66 319
86 133
691 708
786 662
150 171
285 302
547 770
12 42
276 306
755 768
695 723
699 710
361 492
741 756
794 802
809 819
110 138
8 38
811 957
369 372
962 971
332 635
625 628
811 824
770 805
475 496
816 144
301 360
893 922
161 262
344 467
925 24
397 838
981 995
749 962
243 399
210 734
684 803
9 894
442 450
74 283
213 362
374 531
803 878
370 387
242 495
748 943
489 636
404 423
350 393
794 801
313 258
885 934
999 12
529 548
950 953
723 959
380 675
783 805
314 364
207 221
357 591
830 896
829 978
827 538
495 523
215 233
111 120
396 720
820 927
917 303
648 797
833 21
886 904
744 839
43 71
726 739
219 238
895 912
637 802
704 409
282 284
186 423
826 828
352 372
451 482
611 817
776 784
310 431
929 951
271 890
229 232
140 167
69 91
307 337
466 109
214 360
959 979
551 560
43 80
608 633
231 243
768 783
326 550
703 716
739 756
971 141
726 727
784 806
927 933
945 86
464 470
441 472
597 610
816 776
178 206
160 165
504 521
678 746
287 310
573 599
361 300
872 667
515 531
981 769
682 701
52 257
24 92
668 797
889 890
355 564
717 927
232 329
670 700
387 416
224 337
151 182
905 910
92 121
982 172
398 414
888 81
756 781
72 267
608 32
631 696
723 37
401 800
354 370
267 288
345 353
538 757
832 848
497 517
332 951
875 896
204 221
33 304
159 175
0 7
845 112
79 903
316 467
582 563
733 748
586 168
504 508
115 408
393 547
351 358
38 154
483 726
258 279
997 6
469 646
365 616
851 875
998 25
868 882
845 983
956 979
909 924
500 518
835 838
902 926
154 157
394 413
845 856
540 543
182 208
649 771
317 653
64 949
298 478
258 259
185 307
404 177
136 147
150 357
541 558
266 369
175 316
440 649
302 323
256 338
643 748
988 15
875 97
429 90
195 358
735 845
322 535
3 25
141 213
478 627
901 911
753 341
331 351
599 732
91 256
37 105
409 423
4 5
714 743
924 421
25 48
26 279
412 708
822 849
310 341
967 984
174 194
212 219
381 395
79 100
41 64
794 815
788 932
157 2
117 120
252 272
179 239
697 951
229 246
757 776
471 483
400 124
227 248
94 124
963 971
524 584
187 199
79 88
687 882
103 296
973 184
687 695
688 700
299 321
842 860
10 29
996 10
236 858
978 990
44 46
502 877
485 664
840 851
388 443
117 49
842 947
272 273
666 895
717 826
626 640
566 577
502 529
35 589
589 294
371 697
62 93
133 166
151 155
386 463
223 243
310 859
318 530
643 644
614 703
797 807
523 533
839 147
701 725
870 892
454 464
19 95
503 529
855 875
585 658
160 163
939 953
119 352
620 707
471 475
280 406
100 109
503 532
659 672
604 618
970 994
493 501
453 968
855 884
890 892
672 348
932 956
324 335
778 797
180 260
650 641
492 516
785 811
489 916
234 257
59 80
490 679
685 712
305 531
319 348
547 572
402 432
729 982
984 21
753 754
684 691
105 126
851 44
247 277
345 346
863 5
130 150
450 469
8 32
793 824
69 636
978 575
639 736
589 609
225 241
627 787
819 834
402 417
501 503
949 349
671 686
546 574
720 743
273 291
97 117
127 131
420 439
80 781
417 482
399 419
865 16
206 228
937 947
75 42
421 394
977 196
127 701
413 432
806 813
476 497
539 798
139 368
666 765
293 294
640 666
834 878
114 23
254 283
29 848
972 2
191 221
396 280
168 176
362 372
504 737
781 714
535 551
424 439
544 979
267 446
486 523
539 577
458 482
260 271
167 187
7 102
226 235
479 483
650 677
34 0
533 606
738 755
639 746
511 793
989 25
578 796
940 173
798 39
277 130
575 582
40 69
492 590
103 127
61 80
287 291
502 621
563 993
509 44
617 643
214 234
312 316
69 207
874 905
449 457
218 336
864 881
804 819
276 288
362 365
396 403
745 749
169 189
918 938
194 207
743 746
895 924
244 260
193 218
606 624
812 840
338 352
46 96
361 334
413 601
423 552
974 145
232 263
158 188
573 597
521 631
682 994
884 947
474 512
606 637
727 753
118 124
1 4
736 944
787 458
700 14
772 797
774 782
739 470
100 128
123 197
597 818
336 516
618 625
323 352
226 248
619 637
169 187
342 352
273 292
520 523
292 378
455 625
136 143
668 771
41 817
155 496
97 110
217 274
144 157
404 414
175 200
499 562
616 47
307 331
618 631
108 244
582 611
929 985
959 763
864 349
745 762
986 127
387 361
484 583
260 774
235 248
121 316
317 364
303 313
397 594
113 284
887 894
692 713
862 889
170 278
905 927
14 39
631 652
702 733
322 324
849 863
290 316
486 598
101 118
47 191
709 903
520 533
659 886
887 141
962 802
930 954
714 723
437 531
425 430
5 670
372 379
987 190
325 476
427 443
164 191
94 618
652 665
103 385
563 685
777 340
940 963
413 426
126 133
52 80
567 592
303 330
753 444
528 556
930 947
343 368
530 729
204 217
701 614
626 641
20 88
193 429
503 633
994 20
212 232
840 841
952 967
107 113
374 539
353 478
475 864
973 61
687 252
994 372
557 577
689 719
446 464
790 884
937 43
210 227
9 29
337 396
419 439
206 301
394 421
476 485
16 80
952 85
433 452
410 412
18 19
944 972
961 986
606 688
860 975
228 239
724 889
592 307
118 147
790 960
760 778
115 120
1 828
368 387
375 628
292 297
331 386
180 188
378 400
138 151
809 830
435 461
107 980
468 493
704 732
421 441
145 162
88 764
230 235
981 142
365 218
501 31
435 441
56 76
778 254
30 36
683 694
348 513
2 20
68 264
896 297
120 150
183 203
420 540
749 359
253 580
285 872
909 922
801 820
523 540
88 84
255 374
73 526
92 112
266 475
983 10
731 825
829 853
668 678
425 52
453 457
96 201
440 469
895 947
755 324
13 33
895 681
50 65
484 513
346 347
953 542
578 750
477 480
939 949
656 681
328 363
417 420
351 176
491 788
49 253
612 534
985 5
236 260
207 209
536 777
578 904
36 162
532 327
674 929
825 855
13 880
549 581
190 205
784 811
579 603
976 178
31 40
190 195
164 191
412 420
18 36
795 816
404 426
25 49
241 273
32 44
30 33
304 9
45 97
657 844
732 733
411 437
350 353
696 698
470 565
498 521
660 583
878 883
754 763
793 1
883 954
418 422
104 107
905 929
430 457
148 150
678 706
266 771
738 842
445 463
211 290
665 256
534 662
870 81
350 130
859 906
470 486
634 662
340 349
537 542
509 451
474 642
81 183
585 614
567 592
401 410
790 657
170 176
728 951
305 308
683 726
791 978
135 165
131 149
500 501
277 288
560 667
358 326
138 336
359 525
945 891
882 888
713 714
91 797
54 63
282 309
199 747
852 97
350 371
785 81
356 812
904 111
940 37
762 775
714 406
246 24
474 485
750 767
721 516
434 2
639 648
363 506
448 459
978 9
733 233
535 566
265 278
836 854
245 273
172 188
871 888
981 993
973 48
128 278
693 758
235 441
893 934
928 935
430 456
419 450
857 866
958 88
62 86
841 896
746 52
947 49
292 109
950 125
11 87
370 391
972 126
818 358
695 328
541 887
868 876
989 305
714 745
31 61
913 938
936 497
807 818
247 277
525 534
669 687
743 759
346 352
175 206
384 565
95 106
920 348
91 98
336 538
488 517
516 539
450 471
653 772
297 323
773 797
322 326
530 713
542 872
707 736
190 832
462 472
260 263
29 34
220 399
897 903
136 145
338 368
933 946
736 752
885 907
221 347
129 186
207 233
205 207
634 658
328 330
774 787
241 605
732 656
533 542
135 160
800 817
575 643
958 961
295 465
128 945
262 286
916 944
573 584
203 209
225 691
69 753
1 187
466 682
536 547
252 190
798 483
926 127
935 958
542 548
212 218
872 986
632 805
20 147
973 498
538 545
295 307
954 107
818 889
865 896
153 176
831 0
385 386
798 14
499 667
902 972
660 684
26 31
772 863
75 97
151 995
20 29
219 248
253 260
2 12
37 119
634 831
771 800
209 232
861 865
873 943
245 259
264 585
865 573
420 436
713 728
947 964
814 820
483 485
979 0
531 638
559 560
568 2
899 924
988 224
459 602
112 130
710 738
737 740
99 110
400 416
711 659
423 202
473 493
137 153
549 139
739 842
130 194
415 456
797 574
53 66
449 473
833 973
832 869
949 976
104 239
128 342
160 179
997 148
704 725
248 255
922 189
834 865
613 701
268 271
408 342
333 605
873 903
385 533
762 45
304 161
491 512
620 803
112 505
555 84
475 476
406 422
464 475
654 9
624 671
337 538
278 525
890 914
767 793
341 212
906 444
157 185
926 937
834 837
291 314
1 5
249 278
689 717
640 844
627 711
281 287
752 762
960 974
782 17
132 155
367 387
10 870
68 95
294 306
849 36
644 866
663 774
289 267
792 4
944 77
590 774
472 670
662 674
16 26
390 420
223 228
579 799
71 806
116 275
733 697
671 718
86 90
481 503
796 802
417 426
741 745
135 151
269 170
38 51
167 181
70 44
901 964
707 733
767 795
705 721
906 914
359 371
886 39
639 793
259 285
47 276
485 625
412 414
146 151
143 501
16 36
961 978
365 439
529 545
83 107
662 945
928 953
212 677
215 909
106 128
294 324
946 972
943 664
39 70
583 455
298 307
946 961
756 770
521 525
787 82
196 222
378 382
533 561
865 878
345 410
554 562
57 300
801 27
975 2
233 381
291 79
242 669
218 323
515 528
862 898
860 904
803 902
740 753
847 866
599 499
192 360
126 323
966 980
144 164
289 297
584 252
236 259
311 565
924 487
807 810
698 310
290 202
250 885
530 439
217 245
362 385
444 377
441 464
314 329
184 387
89 117
768 838
192 255
184 352
470 548
866 868
956 970
596 622
512 529
308 748
474 501
266 708
615 832
450 95
563 952
237 285
735 122
861 878
360 371
861 961
418 436
970 754
427 441
910 920
4 13
198 454
390 491
828 831
737 757
824 2
898 140
129 726
349 144
766 806
755 760
701 729
286 294
744 817
806 37
230 256
931 59
189 207
695 697
825 854
845 888
525 235
894 908
585 602
327 715
226 254
753 763
387 592
935 267
593 605
691 584
133 145
698 755
303 712
740 750
19 49
742 756
948 159
658 829
358 362
435 486
782 993
102 118
48 71
241 272
673 682
333 469
724 885
786 875
67 629
848 856
94 111
789 806
447 461
826 837
631 655
539 555
908 131
463 633
542 548
5 160
990 6
909 967
934 949
494 717
493 495
355 390
489 641
719 725
683 807
801 10
682 685
441 470
101 254
126 695
422 107
676 878
899 143
915 939
415 219
814 825
866 878
174 188
190 669
488 505
373 381
967 17
624 222
681 576
694 704
157 159
192 320
280 287
584 705
887 906
140 969
566 594
789 889
675 918
306 329
438 457
23 30
79 95
333 423
914 11
856 712
152 218
389 237
884 904
495 499
397 398
609 146
290 285
622 784
836 854
906 28
628 810
783 802
791 806
461 479
228 248
380 398
737 971
977 111
938 988
859 881
173 367
39 61
664 927
756 775
853 886
912 956
428 432
458 459
775 797
376 379
682 903
339 861
889 903
129 9
81 216
302 371
439 531
551 573
661 684
119 278
203 234
784 880
522 734
861 430
426 50
382 379
679 705
335 526
635 655
684 825
308 752
133 138
460 698
689 695
488 509
861 860
721 751
74 103
221 240
788 808
167 171
630 952
618 222
431 616
572 584
878 897
646 895
15 449
528 540
816 852
769 850
478 494
559 598
457 489
259 275
629 774
109 120
773 372
976 7
875 110
823 553
433 589
931 935
165 191
37 39
527 311
802 803
434 472
493 496
646 666
593 623
124 299
416 454
854 889
343 349
780 933
284 386
718 799
376 468
484 692
98 43
183 196
118 125
18 86
680 691
537 320
661 836
700 703
514 515
632 914
856 885
439 809
261 274
562 586
89 91
564 575
356 381
783 788
38 62
120 138
279 365
25 62
421 552
642 377
513 724
410 432
829 542
903 39
767 789
56 81
715 856
460 478
658 669
911 673
297 325
577 638
329 622
901 6
812 988
828 748
192 14
546 555
667 695
948 976
134 825
281 19
668 711
923 942
734 805
974 0
997 125
763 784
601 665
399 406
152 180
40 969
705 707
623 111
505 757
625 646
139 156
533 545
986 988
166 181
940 68
306 334
163 298
857 858
311 335
696 699
625 650
764 767
721 732
87 88
442 555
892 739
163 191
924 953
289 958
586 595
792 345
468 34
779 804
977 236
293 190
855 35
773 833
232 266
832 848
147 171
847 852
274 280
369 941
71 869
12 348
645 773
660 589
245 264
749 759
483 452
478 728
247 424
364 76
937 952
61 234
197 368
399 605
155 179
758 319
286 326
90 822
641 646
24 225
174 202
464 484
473 645
634 646
508 579
625 631
117 141
540 240
582 593
360 414
531 963
276 306
39 274
316 443
274 371
784 804
568 592
299 301
854 442
83 94
264 277
987 10
314 337
845 856
479 450
972 993
792 803
378 359
275 486
505 522
202 217
685 871
442 446
560 737
698 397
805 812
850 781
610 618
308 327
261 797
93 117
690 694
251 278
296 782
84 117
178 206
58 298
348 28
414 422
196 782
257 774
692 175
188 339
584 807
202 226
741 750
329 583
931 937
855 901
279 931
532 555
489 520
110 112
334 404
684 858
289 605
705 734
130 144
0 17
943 134
740 767
265 7
182 187
75 99
941 971
896 121
979 981
454 463
525 528
825 838
244 273
986 12
409 423
110 116
662 682
317 569
184 204
970 976
338 532
500 567
142 288
715 720
321 349
87 108
233 495
827 856
846 964
918 144
771 350
400 413
48 310
643 756
953 895
781 801
560 766
282 287
717 747
747 750
283 285
934 427
881 893
281 282
674 199
808 832
929 949
189 424
291 320
222 228
745 437
68 90
402 426
510 690
742 759
725 208
490 499
366 354
611 644
724 829
320 189
340 556
406 419
224 235
962 91
340 518
651 670
600 614
307 328
352 530
208 799
403 867
748 764
436 464
902 911
313 908
507 522
652 870
958 45
886 889
92 181
305 321
863 41
620 708
595 37
60 83
42 72
204 940
392 384
628 526
497 683
763 977
64 348
251 262
635 636
123 135
497 506
44 452
632 302
376 385
452 476
583 612
125 332
558 332
237 268
394 404
732 738
473 486
249 286
577 591
375 404
249 270
787 813
602 609
263 405
223 804
900 902
41 493
553 563
852 862
594 790
564 590
153 270
966 993
642 823
40 606
326 34
960 971
206 211
2 17
364 370
575 686
824 855
933 947
427 450
132 314
176 184
618 625
228 391
618 744
543 552
716 872
370 372
108 118
347 354
919 170
377 510
677 722
80 18
547 567
404 405
112 264
808 835
465 470
362 393
862 873
846 252
357 377
722 954
607 617
941 944
461 706
224 254
821 834
164 882
487 488
425 454
964 990
266 283
761 790
476 489
907 751
541 65
879 966
528 674
805 507
285 299
754 767
810 826
995 119
844 867
672 682
508 417
479 494
47 53
890 897
336 634
536 566
956 973
439 467
666 904
15 101
288 518
483 486
493 501
144 368
507 234
96 379
331 333
689 694
951 128
448 967
170 618
581 592
976 24
615 631
486 511
41 425
623 664
510 208
522 622
983 45
349 374
611 158
758 765
368 398
148 425
246 251
613 636
411 432
882 17
122 271
440 457
678 690
820 799
811 818
931 277
386 392
520 549
426 449
438 447
431 491
738 487
445 451
596 765
908 36
300 330
663 777
712 722
508 528
167 379
794 800
492 592
510 867
592 607
789 792
859 885
401 423
880 893
678 698
695 863
543 553
24 53
231 251
645 372
688 940
687 754
899 816
257 275
479 683
844 871
795 821
858 883
73 224
803 823
605 608
482 489
879 116
163 417
383 401
114 19
144 785
910 127
677 704
312 313
467 491
662 683
204 735
883 876
4 892
968 142
720 786
136 162
519 649
776 804
615 638
422 829
433 452
214 632
356 385
445 11
71 675
676 687
708 726
356 412
737 756
512 620
294 499
900 913
373 430
655 878
46 185
330 574
26 61
425 432
398 401
78 147
734 984
382 987
753 765
362 380
294 312
274 427
759 767
461 522
690 693
446 457
175 190
531 554
967 188
664 684
904 738
93 112
642 467
28 96
614 643
674 681
246 307
593 37
938 951
364 501
186 193
118 132
847 875
156 266
764 997
186 203
280 303
989 7
121 208
556 341
571 660
598 629
522 700
712 726
202 219
590 124
824 840
873 895
635 651
614 618
448 215
310 895
213 225
571 584
903 81
546 568
974 169
251 276
149 161
199 221
758 764
994 222
378 392
260 286
981 994
509 534
786 845
670 680
792 809
265 266
748 111
876 920
298 610
173 180
512 650
327 335
988 133
478 488
569 598
755 757
39 216
998 155
651 661
145 175
917 940
63 65
223 473
930 939
814 842
429 593
942 109
934 949
584 606
295 505
906 24
685 712
296 453
552 555
827 62
998 463
334 517
518 880
389 406
366 386
918 30
945 135
248 81
116 23
890 910
526 754
294 705
567 841
426 5
140 221
381 785
871 881
607 610
746 766
627 629
519 542
442 448
122 144
745 760
820 832
21 46
660 685
397 466
38 68
334 364
529 778
61 68
281 297
894 902
375 287
858 126
452 472
373 404
229 378
93 305
246 399
918 942
539 561
307 325
607 617
948 973
888 917
592 611
401 419
993 996
911 826
393 786
800 844
434 449
624 652
103 218
972 2
925 951
418 419
804 51
254 982
966 629
386 405
620 639
860 26
953 976
923 996
451 457
968 985
379 614
38 212
604 622
656 910
636 656
837 867
82 90
526 708
934 948
398 379
980 798
442 446
272 899
534 547
938 965
308 771
381 130
336 558
322 386
166 889
338 413
659 670
910 929
22 25
406 424
403 427
582 592
285 499
46 50
577 213
217 414
254 256
436 45
327 526
90 393
165 343
22 52
198 933
757 761
776 32
255 410
109 294
253 498
146 181
751 762
998 27
499 896
831 15
591 846
600 612
65 53
74 204
416 425
291 322
839 140
518 537
577 603
472 685
260 276
263 294
675 795
856 877
197 804
151 328
487 556
912 928
88 109
465 582
3 28
482 510
50 282
517 544
826 714
134 160
174 195
60 82
81 86
170 324
656 58
563 570
629 932
490 917
712 383
304 670
305 328
385 391
653 682
275 295
355 356
983 72
781 795
902 924
460 601
318 319
122 93
783 813
879 891
813 824
778 97
621 710
120 46
182 874
793 814
263 345
187 413
156 163
645 610
267 285
770 774
208 227
321 330
324 344
514 970
188 234
788 817
116 147
410 526
49 78
628 43
666 768
226 315
216 517
315 318
98 110
770 772
27 47
121 123
593 683
250 361
529 539
537 588
270 296
335 102
407 623
871 924
565 585
384 155
388 414
475 80
990 7
338 355
231 446
309 159
145 223
169 382
104 112
452 473
838 864
742 771
219 230
197 346
70 88
47 220
496 517
8 166
275 277
910 76
514 517
498 565
34 390
672 695
293 322
731 904
681 699
283 296
871 951
231 240
831 63
410 433
238 260
893 897
182 279
361 377
546 410
942 957
45 49
640 658
447 475
347 352
297 313
336 360
122 126
405 432
153 327
490 504
384 362
645 674
776 563
863 870
993 204
877 766
811 829
974 2
428 460
769 22
651 261
653 626
209 366
921 1
305 324
133 146
235 244
595 764
85 943
50 626
32 146
77 91
275 563
272 281
775 802
237 579
411 422
619 621
875 891
957 969
95 243
638 643
730 877
228 252
332 350
776 794
614 631
535 542
542 783
761 647
648 743
842 99
649 794
419 436
288 307
332 440
830 841
63 89
354 422
945 973
36 185
756 767
510 519
188 268
329 575
644 651
638 662
148 253
858 864
54 215
399 410
586 604
614 839
195 220
727 189
168 204
113 142
325 342
67 908
424 558
865 987
149 757
801 832
274 298
321 527
977 232
318 29
774 790
265 290
828 494
982 7
15 22
481 714
913 96
835 809
169 192
699 706
195 200
255 264
587 804
848 993
957 960
320 387
356 365
285 412
763 781
621 644
158 209
188 192
181 309
425 404
697 723
262 292
508 509
302 479
190 223
718 747
683 844
159 174
651 273
307 391
628 810
383 467
629 644
777 801
405 591
192 224
59 84
193 470
598 609
342 357
914 15
457 479
888 918
358 589
600 613
81 140
375 912
98 110
997 16
942 990
316 504
547 682
545 562
78 310
199 227
194 214
601 616
891 912
390 591
766 966
797 798
910 987
492 512
88 104
92 480
566 575
487 517
954 162
33 39
255 247
222 225
818 53
11 42
555 570
878 895
968 977
986 12
504 511
610 616
109 119
78 118
345 97
851 23
554 585
368 392
95 311
864 875
760 768
726 728
553 780
655 833
576 581
472 487
648 771
901 448
53 62
920 949
843 852
220 239
747 860
202 313
326 547
595 787
409 427
626 630
207 231
911 213
300 303
452 457
985 153
608 610
991 1
343 349
729 847
160 180
432 436
892 901
476 771
67 114
623 810
971 287
242 21
406 429
892 334
740 368
704 714
157 187
288 503
377 403
873 126
454 879
296 312
320 357
947 83
957 973
347 363
391 583
376 797
854 876
691 708
211 230
702 852
609 620
448 456
236 247
965 299
296 322
97 98
21 408
904 959
302 411
886 893
721 91
268 279
341 660
870 888
337 345
276 447
755 776
686 690
44 64
669 900
183 573
246 474
207 219
522 599
189 191
23 27
13 993
365 483
376 575
716 733
719 732
197 199
427 479
472 476
324 348
704 496
142 167
326 342
561 565
711 781
258 274
575 577
585 613
287 402
762 149
453 673
722 965
936 948
725 91
850 913
125 956
969 197
805 813
375 401
393 510
94 53
345 374
301 317
416 543
26 383
930 170
683 927
955 210
661 705
295 326
898 17
7 26
717 606
468 497
587 591
853 966
657 684
431 455
728 797
209 233
918 399
675 754
741 910
616 831
710 719
751 991
243 364
30 587
588 500
923 873
586 599
941 965
589 177
766 785
232 504
558 924
545 546
125 144
127 134
518 522
499 575
810 820
900 903
217 433
112 71
322 448
982 607
787 833
284 285
10 16
256 287
33 49
942 91
745 775
963 188
447 617
251 276
0 192
802 936
554 782
59 74
837 987
434 137
113 137
705 715
528 407
128 260
616 694
697 711
85 273
259 261
749 936
66 109
11 38
139 164
449 475
999 15
422 441
636 791
780 781
933 949
567 765
729 510
87 93
7 36
227 147
303 390
30 132
447 773
572 600
264 276
561 571
943 947
386 402
191 208
916 932
728 732
715 733
594 794
712 721
906 996
282 654
534 561
892 917
568 780
423 453
925 952
570 764
613 642
132 134
352 456
319 546
637 148
299 481
559 685
270 275
2 75
558 565
194 217
96 106
622 691
908 88
202 212
640 777
655 657
561 793
562 856
517 568
730 767
57 317
312 320
822 5
111 552
836 867
77 96
734 739
571 760
52 284
361 523
826 919
869 900
992 18
712 745
686 716
263 311
920 78
436 443
382 598
498 506
759 768
53 54
163 192
308 332
754 8
240 323
919 285
883 887
437 459
270 286
838 780
273 274
304 333
605 623
722 733
636 513
663 672
932 968
901 90
819 842
611 769
591 597
799 652
508 525
287 294
498 285
152 181
991 319
287 369
743 935
516 529
235 650
395 424
403 417
984 121
645 650
431 449
454 345
152 307
733 167
569 588
414 444
821 439
218 433
732 741
644 863
166 458
64 85
937 949
681 889
371 383
113 543
351 377
393 412
349 359
893 899
833 86
161 264
301 411
540 590
139 224
750 927
270 400
729 829
747 776
722 836
576 258
384 406
556 582
562 566
518 524
273 284
154 897
339 355
953 975
205 206
580 599
693 942
492 850
823 848
603 795
885 948
697 893
296 598
765 788
342 369
952 5
569 633
465 493
786 594
370 383
938 955
141 213
408 486
552 566
817 935
473 493
665 686
640 650
37 58
574 580
517 86
810 824
278 295
980 146
243 274
690 938
300 475
65 732
749 757
781 792
887 910
311 324
915 927
466 481
630 631
149 163
4 19
278 882
123 125
823 842
966 975
823 887
538 751
524 655
625 637
879 414
570 998
519 539
58 72
377 402
497 506
550 724
761 788
456 470
256 426
758 780
796 801
876 880
56 58
189 199
869 892
46 595
710 750
857 865
505 626
696 817
872 940
902 24
506 511
334 997
664 693
495 511
456 465
196 301
863 873
703 717
319 12
803 806
737 766
369 387
137 186
408 183
509 530
430 978
467 574
818 257
482 536
426 442
292 314
810 815
890 914
816 845
53 60
225 244
324 343
181 209
363 433
518 526
272 835
571 147
446 513
619 777
706 593
396 431
802 614
227 281
223 419
850 507
681 133
86 108
282 302
574 582
707 893
610 705
903 904
607 636
609 611
481 506
337 97
714 105
193 212
953 758
839 441
469 629
45 150
513 743
74 92
249 172
812 813
517 159
996 25
333 958
194 267
469 501
543 568
721 29
584 614
17 27
105 617
240 748
66 70
116 141
239 392
863 870
617 737
566 580
278 707
84 300
784 53
498 520
954 337
701 925
751 763
682 707
896 917
83 105
872 942
444 576
713 872
242 802
410 563
565 576
752 970
765 921
63 93
243 466
414 623
359 503
996 510
837 864
122 133
955 972
298 416
127 156
386 405
216 241
27 251
552 563
331 853
454 474
166 241
524 536
525 442
309 315
158 164
590 532
638 746
53 69
199 309
726 844
187 348
51 56
581 921
574 594
159 160
836 863
427 984
916 918
915 943
35 277
456 475
573 603
42 597
724 231
692 698
348 784
119 834
717 723
495 550
329 639
180 208
943 654
201 805
423 450
725 850
272 377
835 840
194 208
943 962
996 18
171 188
799 812
975 3
799 879
636 815
600 609
636 651
149 948
76 79
124 153
428 455
705 715
167 921
213 401
543 549
781 825
868 699
654 710
440 574
617 734
528 987
58 70
980 988
889 45
991 10
921 936
663 944
158 198
598 606
763 773
880 903
329 338
280 289
824 89
66 302
576 603
919 145
653 828
350 475
417 514
824 852
344 358
248 797
46 277
962 974
855 952
604 953
984 100
395 634
709 729
35 38
760 798
807 930
818 851
10 80
965 986
904 7
994 140
738 978
914 938
179 353
105 223
961 984
165 167
947 978
507 518
802 962
785 812
234 280
450 472
472 541
802 710
268 451
446 470
945 998
17 129
999 234
191 202
18 72
970 138
979 989
453 498
78 83
766 791
417 435
963 971
81 99
347 354
693 267
545 768
678 776
236 266
15 733
744 745
239 299
610 618
944 967
444 470
538 550
44 632
387 399
540 563
158 852
426 671
677 702
225 240
783 800
900 917
247 253
224 382
295 326
817 900
215 587
561 808
626 633
590 873
820 826
841 903
34 978
965 991
31 94
490 813
956 977
150 807
797 827
292 49
23 158
499 458
564 780
443 471
44 357
157 385
744 130
124 228
829 832
597 644
805 821
899 512
91 113
676 775
828 919
635 651
443 468
780 633
607 621
208 664
805 257
477 495
177 279
629 652
616 618
716 942
881 903
907 932
107 378
588 589
995 167
889 66
590 154
85 116
604 691
544 553
243 268
798 819
622 624
461 835
176 200
764 789
820 845
494 167
146 124
670 694
443 454
647 668
990 18
951 164
280 298
319 383
275 295
806 832
33 41
115 138
663 681
199 205
989 992
93 936
424 439
699 246
837 70
702 720
384 407
596 606
967 42
588 596
851 870
558 568
615 712
480 510
637 599
274 150
648 93
405 408
984 995
457 34
843 897
544 562
129 143
139 323
889 894
59 75
6 511
48 201
650 671
703 724
942 971
105 127
36 56
263 316
126 294
933 35
108 137
616 632
76 89
211 222
839 926
299 535
216 385
505 533
37 59
106 114
527 591
633 638
747 613
300 321
742 721
205 217
324 325
793 971
629 660
631 638
935 978
554 468
633 664
612 639
374 540
733 761
548 551
244 245
894 811
174 219
579 855
0 100
42 806
856 888
580 590
539 545
353 364
279 281
234 249
876 884
876 881
656 674
884 974
403 422
621 761
195 922
880 911
603 707
848 851
400 206
700 12
556 567
408 438
601 102
247 249
601 603
366 587
131 963
709 933
414 442
529 539
603 382
467 472
849 867
23 35
219 397
388 765
804 0
106 109
725 728
171 358
335 7
315 326
256 763
797 828
821 834
494 567
155 196
347 366
78 83
152 334
950 956
346 586
849 866
20 43
36 64
434 229
311 42
853 871
120 138
291 539
233 249
846 854
664 689
115 754
17 48
479 729
688 469
692 722
825 833
556 800
25 747
405 410
240 265
171 183
774 439
306 504
89 108
394 420
372 375
60 70
544 583
512 966
268 102
747 568
269 298
813 843
928 322
949 958
28 46
823 835
367 393
779 808
693 835
676 535
370 514
3 188
985 5
646 649
785 16
555 763
919 950
975 991
830 856
125 339
561 813
186 195
939 19
205 232
688 278
694 710
463 469
891 908
700 857
216 626
433 44
206 210
75 239
775 789
909 115
548 569
799 5
698 703
808 830
619 641
250 276
795 797
503 513
644 658
771 776
641 704
458 74
284 298
922 969
686 755
455 469
358 535
710 713
228 257
817 825
299 324
67 79
395 667
265 888
77 586
16 47
532 737
488 496
870 874
795 820
965 981
373 385
991 481
364 390
897 911
436 459
980 983
323 352
761 801
617 624
68 92
935 947
708 725
367 166
9 176
51 235
904 144
62 416
950 52
4 26
17 29
155 333
923 147
335 693
328 329
175 431
649 786
794 802
891 904
82 961
220 461
960 979
990 81
371 392
728 242
703 947
355 390
110 960
332 957
