EdgeArray
114 114
946 285
628 831
879 919
1008 144
494 72
244 901
1022 811
905 837
5 961
849 853
56 38
672 396
639 397
861 494
849 18
951 434
709 319
265 741
35 756
395 692
195 707
662 909
357 404
441 940
506 319
689 394
750 560
580 705
678 245
49 567
689 878
541 165
386 445
380 470
368 445
198 432
868 839
419 710
394 671
339 255
542 61
2 702
1002 156
820 550
85 536
589 61
361 125
934 154
86 299
457 716
856 426
552 948
650 676
476 364
470 470
119 650
897 934
681 295
784 243
303 486
635 139
62 305
504 270
933 933
391 567
557 2
148 148
781 717
468 468
432 435
500 920
812 981
974 960
804 159
825 443
413 69
79 773
623 748
110 290
792 176
710 740
543 543
665 684
481 360
991 991
845 1007
882 882
20 767
640 415
356 770
160 451
738 914
992 625
560 352
154 26
589 266
57 57
603 315
40 348
573 653
111 530
25 461
542 255
560 706
341 326
69 432
444 474
418 152
931 783
803 171
653 406
305 298
740 164
457 416
765 842
863 825
828 679
178 899
587 990
1016 224
749 239
509 819
755 653
380 615
982 982
494 1022
144 348
226 572
51 158
859 665
69 353
470 517
135 451
496 468
13 390
782 964
526 598
893 842
696 696
694 308
126 283
289 774
1007 110
230 628
310 494
560 560
388 713
886 58
168 335
825 706
317 602
303 621
309 890
427 404
892 177
858 132
625 625
990 674
984 66
271 169
879 879
854 221
615 470
616 616
391 152
730 295
917 917
628 884
811 811
754 440
238 873
842 25
793 928
710 208
729 424
788 59
270 322
645 693
335 882
917 40
360 401
843 212
749 198
416 896
132 366
390 253
871 1002
500 902
812 914
418 930
64 553
298 285
608 608
378 153
585 468
60 60
59 897
717 75
4 591
493 257
858 863
159 543
682 682
499 1009
349 349
390 562
949 649
701 229
10 953
740 944
441 730
361 361
419 419
730 671
69 740
514 226
473 1
536 710
621 749
165 781
579 935
332 374
124 191
690 12
25 706
625 197
403 481
940 728
912 578
448 62
115 514
788 303
171 412
966 507
1022 494
86 38
253 784
124 25
44 933
831 223
293 716
65 162
809 782
401 948
320 215
877 252
946 419
591 760
882 917
35 363
840 169
702 933
900 361
210 623
135 412
715 879
968 968
606 980
104 902
521 911
863 226
996 184
672 672
962 922
958 35
777 293
536 938
465 249
80 405
555 192
706 396
603 624
449 449
376 897
236 859
530 541
1000 659
220 334
232 740
95 779
981 66
70 42
650 539
674 364
227 227
8 557
491 287
602 426
914 861
370 881
30 941
922 143
562 458
961 961
497 213
388 270
948 756
618 791
0 648
551 877
768 30
938 740
743 307
70 361
498 428
715 334
740 641
401 59
507 310
765 361
543 543
290 926
589 430
61 696
908 33
84 668
701 19
27 460
749 604
441 976
674 384
59 15
60 901
660 263
602 858
38 873
260 886
401 59
460 560
68 543
914 861
204 224
710 710
161 177
457 623
360 360
539 235
68 435
138 549
355 355
1002 217
190 324
387 759
367 270
967 688
317 156
812 878
915 580
571 562
121 318
953 10
68 1010
303 303
631 946
123 794
497 986
44 308
879 333
886 886
158 396
851 138
432 496
94 833
78 78
838 670
432 980
161 236
775 25
370 756
164 164
474 20
921 369
352 551
101 877
462 457
202 643
736 252
768 791
468 941
468 702
91 896
67 661
460 913
847 415
935 728
814 603
296 230
874 12
61 76
266 861
853 853
468 926
643 643
281 334
330 95
905 905
785 145
789 304
328 530
103 613
278 971
414 414
789 829
499 896
571 403
547 122
139 582
887 112
103 502
62 321
227 812
363 352
691 691
226 941
244 22
709 532
349 265
244 244
60 359
290 290
738 430
621 343
164 110
571 192
414 972
457 603
701 134
171 309
785 869
876 44
15 258
266 589
85 85
231 250
73 168
341 530
13 13
722 689
573 469
964 964
300 860
707 707
142 146
638 238
488 671
248 146
29 945
557 560
206 814
962 363
818 459
551 858
85 85
187 859
562 506
895 19
266 551
255 795
225 225
897 897
577 159
859 393
1017 879
249 468
648 648
42 704
7 412
933 486
290 626
639 76
811 204
20 303
906 758
13 13
293 65
229 242
352 115
543 85
69 784
524 350
13 756
102 934
114 740
926 66
316 316
440 440
419 419
375 351
243 68
795 244
44 826
264 319
616 590
82 82
585 135
841 66
626 265
249 736
393 393
491 673
131 720
592 953
301 701
443 443
107 875
879 387
603 672
103 502
701 29
964 608
717 0
243 58
239 792
175 887
904 438
865 865
343 343
966 966
71 345
726 855
237 901
360 819
785 785
168 367
732 732
829 829
1010 414
922 252
639 639
706 886
343 343
22 22
85 602
123 842
58 653
347 590
965 740
798 798
85 631
22 888
62 840
468 468
857 956
782 495
379 7
285 339
243 295
486 710
451 451
177 1022
401 198
309 603
37 390
532 688
236 56
643 740
545 1013
508 1009
866 561
417 59
1013 356
914 30
507 295
736 494
850 806
1002 35
740 740
541 541
669 669
535 335
397 639
400 415
73 81
669 780
789 227
49 148
911 911
651 215
177 146
929 571
23 722
378 933
56 192
722 227
408 779
353 1008
82 238
453 453
886 1009
229 737
640 756
365 627
616 824
418 418
536 616
525 142
694 439
234 61
701 349
1011 60
938 619
823 761
396 491
167 476
1002 808
343 803
564 499
1016 915
205 357
856 189
463 421
249 980
347 190
965 926
318 356
66 212
35 473
717 897
110 543
180 397
850 353
86 497
908 345
795 701
137 286
212 650
430 542
560 941
736 995
732 239
856 596
811 1017
858 650
763 445
782 593
189 434
309 35
207 388
516 199
82 795
157 157
851 536
922 317
358 530
567 567
532 290
789 789
363 363
261 261
367 510
361 30
685 16
830 557
90 193
798 747
822 83
787 161
580 886
154 60
543 339
923 923
917 330
738 430
589 130
195 195
301 112
573 283
919 156
9 381
882 646
486 740
266 532
103 707
75 569
536 557
405 405
622 64
491 51
934 719
506 32
486 334
321 159
390 843
675 731
585 1008
59 899
950 831
279 630
939 554
898 843
27 564
898 898
990 364
20 775
567 567
301 301
632 175
701 85
650 115
587 587
449 308
607 122
198 946
127 127
271 45
626 153
310 618
33 69
56 929
75 93
309 970
700 982
929 602
140 267
749 476
141 106
856 252
161 809
223 223
514 1009
81 547
552 552
567 396
310 419
461 242
765 252
562 788
301 301
1017 530
933 884
543 585
435 585
784 650
785 285
226 650
305 873
914 392
889 226
356 595
5 352
361 701
562 571
353 737
632 339
450 261
615 380
913 472
261 487
946 621
882 791
1008 91
152 367
941 5
123 914
196 205
156 899
533 159
980 494
1010 543
725 991
143 818
177 116
628 133
20 229
822 703
473 516
938 33
19 400
884 549
710 186
871 946
847 217
135 990
332 865
438 68
496 619
872 881
380 239
458 874
1015 1015
7 253
640 482
376 509
894 678
49 49
974 960
877 56
889 468
543 543
204 946
283 537
884 364
547 925
184 530
952 524
509 495
35 871
788 152
2 2
5 504
486 740
854 398
279 72
132 366
596 455
572 402
917 615
2 792
107 152
252 871
688 585
125 777
105 192
941 592
626 858
747 80
929 536
221 550
720 202
496 249
130 226
176 545
556 556
682 357
783 423
826 229
986 45
600 859
473 473
443 526
945 940
547 456
343 343
730 223
468 226
760 63
104 968
119 322
841 841
825 447
877 494
44 93
427 79
58 453
723 882
334 935
8 8
212 159
896 114
327 161
785 669
926 926
135 946
938 160
917 646
493 527
107 67
387 164
129 631
159 543
245 248
167 98
430 496
367 543
351 38
165 382
731 443
674 62
386 888
604 938
166 772
829 832
708 519
728 883
639 68
917 915
675 777
782 208
706 420
61 484
103 946
220 364
195 631
322 173
70 595
388 388
985 184
767 233
706 701
838 674
110 650
889 450
5 91
849 1010
926 290
824 630
536 391
398 165
642 937
167 707
632 849
623 197
110 785
164 110
384 796
99 334
689 27
78 210
25 989
639 491
543 543
187 509
977 577
744 471
13 448
709 228
643 239
1001 390
708 363
120 471
474 142
334 489
740 710
543 750
200 186
164 363
578 2
92 74
193 214
139 381
492 356
944 944
772 489
858 210
44 962
740 290
426 426
707 680
300 324
780 91
946 231
166 458
229 229
405 286
266 474
249 380
105 821
384 384
874 688
998 206
324 696
83 965
388 989
290 290
240 922
303 871
111 519
572 922
279 218
360 625
282 324
86 348
593 593
992 765
148 238
177 412
487 174
35 35
847 723
447 718
290 290
257 407
951 951
435 68
204 998
962 989
29 672
313 526
794 769
453 639
665 75
380 946
973 93
660 229
384 372
926 290
979 660
530 300
94 102
91 307
897 112
450 686
910 921
94 417
313 229
878 701
687 364
708 542
897 946
611 620
812 419
877 921
607 925
229 370
785 30
360 946
450 13
670 355
965 965
589 589
118 944
621 206
390 441
82 453
922 557
784 191
1 1
94 998
526 767
516 866
925 221
27 798
659 166
28 479
948 165
941 879
886 706
1022 307
962 142
557 560
49 783
882 515
208 208
71 208
296 296
100 100
51 51
716 716
217 484
536 616
35 886
208 624
152 554
870 723
964 871
472 954
564 69
378 589
561 696
1008 296
408 396
487 527
672 951
767 628
841 451
641 702
301 301
442 537
567 684
76 198
871 187
821 883
602 469
330 134
0 303
94 116
295 469
210 244
1022 819
888 470
415 173
905 249
394 917
904 993
290 702
976 97
935 935
934 456
246 177
586 586
306 860
819 265
159 30
135 396
730 915
393 242
40 368
270 290
972 956
678 243
784 110
914 812
723 723
749 586
320 320
966 412
621 419
981 270
560 589
667 414
639 1008
242 561
468 872
831 417
714 714
30 616
666 766
785 828
307 856
495 608
330 353
363 164
78 78
912 423
405 405
97 1008
233 855
837 225
61 246
897 782
695 406
990 160
850 521
624 208
630 776
964 631
638 710
192 469
322 349
7 585
682 621
844 844
740 303
426 470
255 287
401 495
726 971
776 500
964 717
528 373
951 96
397 619
868 581
835 46
643 567
164 5
193 617
253 159
14 854
554 554
172 403
425 325
905 496
566 938
923 826
863 504
143 855
618 823
723 698
164 1002
557 616
154 154
796 873
370 35
889 628
594 258
676 192
408 182
319 573
962 313
964 210
301 861
740 135
506 246
791 674
512 138
751 681
962 525
779 779
917 886
470 65
706 650
253 1006
638 198
266 837
119 795
150 705
580 684
788 788
995 995
328 969
205 124
683 436
539 354
572 613
754 754
740 69
980 553
114 585
358 21
1008 743
181 106
556 556
201 420
118 158
60 613
665 557
697 745
890 892
739 192
369 615
968 434
356 719
403 45
586 188
878 602
228 755
818 854
709 843
343 660
659 659
21 969
22 92
543 110
921 850
642 642
33 672
613 190
110 171
261 457
16 330
873 873
554 442
979 175
784 301
461 196
496 776
990 321
496 496
564 974
782 187
1017 354
218 720
683 488
469 562
758 689
279 523
169 648
216 325
251 919
201 536
294 18
255 875
151 404
935 556
678 189
103 428
265 265
749 364
66 419
666 922
533 394
561 656
101 219
745 533
451 461
343 917
709 192
873 18
93 687
285 35
317 838
468 560
727 937
814 376
543 543
125 375
788 296
286 920
946 897
333 18
651 49
485 716
2 798
474 380
589 156
917 828
49 586
227 168
376 206
258 408
826 548
201 396
573 877
684 339
486 944
602 237
1022 1022
307 258
949 779
138 218
976 212
322 473
604 212
648 285
928 928
206 565
132 804
126 587
786 786
881 227
537 537
646 294
301 706
87 87
35 315
717 698
134 134
305 38
757 897
35 153
886 856
868 408
189 351
565 251
858 469
164 441
110 628
838 317
401 494
345 667
69 701
887 133
584 84
794 523
923 995
865 709
43 270
308 334
421 809
717 749
333 414
269 569
1007 421
495 897
486 933
99 261
67 19
110 419
688 671
755 456
387 239
698 369
707 686
775 376
813 456
1010 1010
715 394
808 843
478 980
812 946
145 358
468 290
877 363
753 465
457 496
760 571
330 827
276 770
889 872
87 154
750 750
434 351
126 580
543 785
956 412
419 76
43 391
385 241
33 557
596 473
824 575
758 758
212 460
123 34
226 992
877 363
672 585
843 926
795 965
507 69
785 110
999 108
682 109
93 234
438 917
490 1010
361 361
419 551
76 793
726 726
744 418
804 132
499 767
2 361
130 402
384 220
896 768
80 203
510 153
562 153
352 110
912 322
569 273
606 860
533 730
1017 233
335 589
1002 901
886 958
783 551
50 496
775 775
995 401
723 602
694 273
457 457
761 938
933 229
926 139
997 660
329 116
762 868
723 723
556 238
837 70
888 386
603 229
295 23
1023 715
146 432
1022 249
308 93
910 910
441 910
812 648
700 140
110 812
792 164
461 461
272 553
707 930
382 483
755 625
110 110
931 931
716 526
664 664
382 214
77 77
123 75
912 352
73 43
809 752
132 847
899 843
798 287
515 615
30 843
82 25
756 698
290 853
499 243
489 191
86 86
361 567
242 901
980 277
749 227
661 68
339 586
568 455
946 509
740 388
542 255
979 216
804 354
79 987
954 653
914 539
951 623
864 892
884 884
514 487
168 212
632 215
831 444
469 863
376 580
513 331
160 451
693 10
721 579
632 979
1003 686
745 135
642 642
629 711
795 363
850 912
660 1022
13 578
142 380
177 874
106 798
871 380
58 68
360 791
241 108
946 435
478 571
320 320
613 858
30 390
715 560
483 167
130 835
1000 546
883 270
635 800
789 133
310 554
648 186
860 544
57 486
834 233
468 560
639 276
779 117
995 420
879 919
613 929
871 35
901 901
886 390
843 926
495 621
37 484
1002 414
282 282
30 941
374 865
613 82
136 771
303 915
921 921
549 475
181 539
853 1017
432 486
825 548
684 596
370 474
131 396
843 898
782 782
305 271
788 802
133 226
745 63
1018 511
934 608
980 525
422 725
582 191
678 171
315 69
702 949
1005 864
834 636
183 183
610 176
82 765
363 640
30 871
5 394
1003 19
740 33
709 599
806 584
315 740
788 933
172 969
5 688
1005 1005
914 934
19 720
426 855
249 748
572 572
795 792
685 619
27 1013
1016 305
613 933
891 891
792 792
363 426
61 873
756 871
4 929
531 390
230 954
68 68
319 544
489 489
274 173
899 603
514 50
335 302
180 706
131 974
741 768
229 20
317 336
531 592
891 40
257 407
293 1017
946 160
938 166
787 104
15 152
201 789
562 400
335 697
646 981
795 650
696 841
418 997
44 72
187 972
913 485
471 600
211 34
215 215
8 693
929 44
1022 468
298 298
828 828
688 975
632 414
85 37
114 107
504 736
636 191
789 849
166 304
107 58
361 164
755 885
384 763
184 559
695 695
83 478
868 606
394 394
706 706
509 509
275 249
715 91
100 207
525 195
55 892
689 225
370 179
164 486
743 903
40 917
829 206
866 1010
774 774
664 217
320 168
157 717
935 82
838 838
253 253
923 497
37 364
585 604
236 852
789 395
883 883
186 657
780 364
740 659
816 816
1003 506
361 879
715 131
871 827
628 829
105 822
506 61
285 979
374 682
246 656
978 1010
589 912
492 938
772 97
984 683
767 616
322 677
621 303
367 882
981 281
35 473
717 717
65 419
684 971
377 905
29 769
496 706
825 444
972 532
219 807
441 66
240 174
496 745
22 129
82 82
720 642
723 723
625 413
414 343
952 132
53 871
585 938
387 278
116 617
486 69
242 38
540 917
866 951
598 662
802 1020
701 301
152 152
925 226
51 51
343 35
784 140
110 419
797 24
557 702
434 710
360 94
938 492
114 114
707 214
798 779
371 371
482 482
420 706
62 959
795 795
261 941
1022 929
356 29
849 90
657 443
728 374
35 290
521 864
290 295
266 532
940 283
749 542
225 397
922 269
878 878
346 276
282 453
450 450
796 56
965 972
879 683
920 151
905 905
252 523
511 280
160 160
31 510
313 313
710 164
664 664
134 333
964 878
59 343
308 648
430 434
370 602
602 933
280 798
53 275
361 619
249 995
344 348
1009 540
473 473
350 95
270 43
701 948
783 933
687 619
315 134
598 453
138 1019
187 651
560 557
1002 1002
615 917
1008 1008
716 110
710 795
449 449
33 1023
930 163
152 89
85 227
669 976
841 436
927 680
408 841
791 1017
217 121
697 697
290 35
53 838
438 596
461 873
507 785
1007 235
896 578
893 693
339 66
342 717
706 25
639 706
58 540
968 778
119 58
656 473
827 864
158 133
270 270
878 7
21 849
866 853
396 253
596 92
272 176
832 889
330 886
631 643
25 25
31 955
6 819
323 647
704 70
745 722
756 756
347 664
972 105
128 943
509 621
661 537
252 380
651 565
489 616
9 808
233 440
402 604
802 725
960 960
468 389
265 533
660 660
7 746
486 290
284 284
60 901
309 846
135 412
193 401
195 892
7 1017
606 606
951 910
866 866
766 668
371 115
343 294
380 42
701 356
681 427
937 850
69 650
419 716
25 486
25 25
282 638
160 160
830 539
1011 882
554 517
240 385
990 133
852 161
59 554
400 466
770 623
571 363
912 117
901 901
745 745
460 129
131 702
701 110
415 787
260 58
91 91
288 562
526 609
133 749
477 1
290 743
58 795
201 702
20 20
1021 251
1017 587
227 414
633 311
590 839
504 443
756 370
946 812
87 935
749 789
702 704
917 917
765 922
587 611
30 831
766 430
993 855
732 790
307 307
290 390
785 559
81 213
810 239
66 865
13 1022
665 859
580 509
290 290
450 390
765 765
899 59
132 358
82 82
435 469
441 265
964 281
560 879
115 30
427 785
432 45
613 525
705 948
27 276
123 547
878 639
981 212
672 672
740 740
822 905
825 455
53 914
885 359
119 115
838 341
954 466
330 507
69 896
14 14
935 119
602 602
801 380
58 303
71 908
422 346
761 332
220 366
25 557
740 139
165 270
352 239
187 608
857 759
51 1017
903 320
110 13
510 862
164 66
972 972
345 748
720 69
443 697
152 132
294 294
425 425
926 959
782 776
110 290
105 389
706 706
668 163
27 280
426 35
441 703
749 418
333 333
798 176
516 389
966 702
715 821
370 58
718 1
650 427
824 824
663 405
226 187
995 1022
588 217
473 473
571 309
984 596
223 671
966 652
603 603
618 620
106 199
571 45
767 288
755 676
958 470
227 85
949 2
861 454
644 838
432 295
531 293
506 721
339 110
301 517
615 426
469 843
470 175
710 674
370 35
486 740
933 133
139 582
718 293
261 766
322 856
971 363
542 961
62 884
720 948
343 343
599 807
1021 376
253 952
507 139
134 473
965 926
539 675
687 687
745 745
182 182
135 553
889 93
407 848
153 131
842 720
614 385
789 395
401 320
567 423
609 462
7 302
339 339
588 732
829 156
903 188
828 263
108 827
1007 421
432 432
374 492
186 212
604 5
907 907
792 792
869 587
852 244
935 159
422 790
692 132
919 919
630 357
749 836
159 288
866 937
768 863
568 455
1002 1002
396 396
55 948
43 43
728 728
189 315
403 164
817 817
917 917
486 486
845 914
30 604
160 464
775 281
685 748
222 721
433 535
336 864
915 58
290 878
727 717
747 795
341 573
13 290
392 716
889 730
609 713
791 870
659 170
887 946
873 41
532 161
126 435
266 1002
389 61
613 717
20 70
110 310
578 472
270 1008
361 639
390 390
750 543
274 274
689 533
556 374
150 660
557 486
607 508
698 927
820 925
365 616
862 862
374 865
306 512
621 160
873 717
882 646
78 703
115 567
977 977
320 494
320 602
896 781
30 30
75 200
819 957
361 946
297 155
201 770
31 858
417 417
843 956
174 174
568 367
55 427
962 698
487 485
926 923
2 474
740 641
602 192
573 1001
899 553
215 414
606 519
490 890
9 713
495 495
958 958
905 2
561 759
5 879
829 829
219 565
886 58
414 901
586 2
15 15
334 402
20 20
724 60
301 16
164 795
912 808
880 472
642 993
990 628
791 438
791 883
187 225
66 164
519 17
313 962
342 200
725 317
160 204
886 1009
300 484
503 953
504 815
971 664
789 61
620 294
619 740
829 990
537 58
937 927
921 265
763 763
309 419
200 914
625 419
235 854
784 784
430 457
434 322
944 41
767 524
30 543
398 7
51 51
776 974
938 585
920 772
702 560
1023 135
589 643
212 791
461 732
717 70
706 706
688 803
562 504
998 77
224 669
869 869
63 63
589 43
50 580
0 194
775 856
301 301
116 116
154 154
718 426
216 997
226 11
624 521
793 477
962 971
426 791
878 732
569 241
616 41
256 121
401 266
589 423
1011 795
87 301
749 665
960 813
561 780
379 577
933 13
879 333
653 832
782 964
69 792
282 983
781 778
103 789
706 706
110 602
643 420
483 483
82 244
677 285
793 223
714 180
670 670
859 580
792 912
871 70
542 542
402 870
491 879
858 469
89 409
896 280
412 309
240 716
75 133
548 589
680 680
113 399
587 110
696 556
926 965
420 420
218 636
442 293
507 871
643 948
708 44
702 557
401 948
159 367
207 718
636 925
68 237
1002 542
469 308
2 361
883 626
59 15
858 915
745 822
500 10
432 595
967 890
831 179
487 176
1018 484
1010 35
417 786
432 215
82 740
164 82
581 972
853 742
66 387
444 313
401 861
186 215
450 962
917 891
615 941
28 679
726 485
848 220
417 695
251 167
354 507
889 786
53 552
635 54
470 386
699 699
862 88
363 164
396 789
229 229
76 215
546 447
385 88
130 158
802 802
824 75
776 812
468 896
665 536
795 795
438 917
704 309
207 143
925 568
230 353
450 628
879 639
419 110
125 668
63 427
67 67
395 190
878 878
58 58
82 82
785 441
553 234
383 760
589 589
548 1019
648 186
321 227
560 252
468 989
538 993
796 300
156 765
678 140
143 143
67 799
785 473
74 74
613 279
401 560
265 441
76 557
599 361
230 653
87 843
643 720
670 756
296 40
643 858
945 64
287 569
417 931
61 148
444 573
788 990
1017 903
1002 1002
490 725
330 377
588 264
795 921
893 786
677 290
50 477
513 1023
1003 153
941 941
100 674
602 929
112 902
948 948
223 114
862 121
808 309
677 677
561 561
298 954
474 242
73 355
67 238
40 40
74 984
726 308
305 850
5 780
740 486
717 858
664 883
644 591
1012 944
656 237
356 29
440 144
246 739
54 954
886 917
1007 812
858 650
569 25
926 310
890 677
450 959
438 201
193 193
310 296
763 885
826 2
309 641
892 510
110 468
215 632
323 735
899 426
841 841
448 923
213 872
626 751
560 615
767 989
701 808
167 167
976 804
808 457
798 436
677 56
294 70
904 515
987 783
473 35
295 496
290 929
234 659
921 802
92 999
283 632
769 769
776 990
859 859
615 2
639 85
370 602
626 709
458 409
650 396
432 697
223 223
237 342
73 409
666 708
308 10
660 343
468 35
530 21
94 510
999 415
814 462
856 39
18 935
573 628
668 187
94 235
794 514
30 30
367 37
401 320
621 470
1009 1009
374 671
212 646
273 478
301 613
315 937
18 18
510 43
285 4
123 773
309 360
891 299
201 201
473 495
984 304
917 68
666 666
353 603
621 979
316 864
921 117
623 934
263 160
285 285
70 70
19 749
13 586
920 989
543 58
419 419
215 215
599 448
40 606
298 850
118 99
641 845
577 120
40 742
144 223
176 715
361 926
396 201
884 360
473 473
929 469
401 13
110 639
901 808
378 858
158 768
388 811
711 603
28 328
889 504
476 693
669 324
602 317
20 118
916 34
107 304
596 447
447 526
668 613
896 560
638 361
11 11
301 309
10 476
223 390
446 696
320 360
818 821
810 948
686 34
607 971
353 353
118 229
961 436
308 308
716 303
327 388
1019 205
709 784
197 250
740 492
535 866
207 760
920 872
861 327
561 92
414 539
745 295
788 303
354 419
698 698
926 252
444 370
273 912
288 970
75 896
352 1020
415 453
990 321
709 192
890 482
725 703
199 710
303 285
173 618
354 719
339 339
640 586
496 745
581 518
995 44
746 663
521 890
910 290
865 2
1010 87
395 82
127 867
966 831
381 310
164 426
921 958
1023 749
35 706
308 489
111 973
265 363
517 482
976 976
476 160
203 375
364 884
615 35
815 7
269 542
718 905
201 639
379 1003
660 680
42 42
503 848
577 120
741 870
556 841
567 551
752 752
578 643
537 537
378 858
473 13
180 870
290 110
708 44
387 444
319 448
375 203
54 385
656 352
192 56
651 817
795 795
468 923
0 683
824 289
977 716
557 44
756 369
204 509
20 229
873 850
581 962
901 160
994 909
488 367
246 246
1022 544
37 270
812 293
460 226
212 159
873 613
929 370
989 557
465 60
633 4
486 720
158 768
556 481
782 517
173 779
602 473
144 489
542 638
567 599
12 108
817 708
283 628
57 383
1002 441
626 963
187 878
783 134
639 536
219 447
681 1007
609 740
282 118
560 560
774 350
752 854
482 396
726 726
908 19
289 275
222 1021
892 13
0 373
980 986
107 107
274 26
526 138
56 727
314 842
170 410
101 565
765 156
311 606
118 344
171 315
147 846
728 740
363 873
812 539
273 436
806 598
190 525
419 301
380 313
828 134
91 91
30 557
719 683
788 701
539 168
461 468
123 547
256 134
441 30
603 244
122 62
451 829
669 373
776 585
261 708
35 882
942 1003
683 981
386 386
35 602
602 783
387 69
999 222
176 619
497 164
75 453
825 825
782 208
485 123
288 288
397 560
710 938
671 671
897 643
242 774
25 706
110 1002
1016 810
712 952
853 965
9 309
167 108
970 603
560 543
334 75
888 470
553 929
56 56
616 489
112 781
414 539
905 905
624 966
972 874
430 958
18 373
426 441
495 915
981 233
502 180
252 252
389 339
107 176
354 470
643 420
125 281
177 494
259 203
226 75
236 901
33 190
36 725
253 30
444 265
97 447
68 470
953 200
618 59
575 147
650 119
706 578
265 444
453 927
967 690
476 168
830 445
477 163
849 435
958 1009
360 469
525 968
165 962
681 265
832 933
81 709
941 81
477 70
16 814
560 361
486 484
198 520
432 432
453 897
492 866
874 746
238 696
110 701
332 0
114 165
157 613
377 753
1012 1009
223 416
859 258
215 215
396 650
781 452
666 2
56 56
825 1013
812 441
831 526
362 505
949 91
942 254
45 980
963 11
474 790
499 1001
749 938
719 574
190 391
125 34
878 732
752 809
266 1002
426 52
135 938
896 229
739 669
595 623
920 381
208 968
420 391
52 130
438 756
883 882
137 137
456 838
435 917
505 505
628 897
69 396
303 749
305 64
949 473
220 179
601 101
928 225
706 706
1009 334
58 58
179 739
863 578
615 473
123 812
290 290
413 686
250 92
929 290
349 964
434 926
87 154
655 520
213 855
30 450
795 921
585 715
361 941
326 527
561 26
164 468
1003 680
7 919
826 369
382 768
695 933
579 479
866 865
723 492
30 1017
917 313
296 296
742 839
494 507
492 651
79 355
931 293
898 45
889 5
788 602
361 926
129 719
40 536
476 751
507 56
525 927
432 805
411 737
55 216
204 811
793 857
444 832
1002 812
383 11
805 824
51 984
245 245
419 227
808 995
910 910
602 571
919 255
715 651
441 265
946 980
187 1015
246 165
694 273
66 1002
1015 401
812 812
996 608
700 727
79 273
47 484
922 561
878 878
480 484
763 648
70 352
738 430
82 795
730 730
416 792
235 247
418 966
352 886
179 450
172 277
450 973
164 706
184 573
1001 1001
929 589
25 781
852 945
828 498
40 891
486 789
110 740
834 80
393 561
55 756
266 266
223 815
301 557
236 792
447 855
256 501
399 733
516 917
944 741
546 95
1009 68
776 225
744 278
160 339
904 422
993 993
159 539
390 889
205 760
196 527
441 926
681 494
69 784
159 159
7 845
673 696
453 435
954 48
624 720
384 849
301 301
301 592
14 297
878 123
397 878
390 450
450 159
13 69
885 240
683 134
626 883
972 972
759 272
804 227
651 765
221 519
284 978
132 586
115 186
64 13
605 627
926 288
678 541
755 60
145 239
747 891
650 915
82 284
1003 980
699 37
740 110
179 179
937 937
657 675
206 59
425 356
876 385
780 922
570 55
159 293
756 756
756 58
794 843
618 998
390 241
558 947
740 290
685 91
567 896
631 85
441 30
320 85
496 208
118 576
5 971
396 114
983 428
783 783
788 242
75 449
397 397
534 433
526 615
50 896
53 350
827 945
693 591
871 380
701 941
671 290
834 779
135 345
859 600
187 495
801 888
37 1012
615 68
161 960
521 470
719 762
329 837
814 587
643 602
403 521
216 892
722 135
486 749
782 309
667 972
376 888
730 531
560 557
461 962
623 696
426 915
962 559
160 294
275 588
958 495
187 771
396 419
710 873
660 505
643 706
517 412
226 863
505 1019
514 353
526 469
585 68
135 66
226 616
571 486
542 708
870 33
603 305
560 560
861 693
586 56
134 58
52 881
525 301
540 535
984 1011
363 873
391 750
638 480
701 795
217 382
428 376
922 873
557 486
877 145
896 280
406 915
919 919
439 770
419 309
809 995
525 4
960 720
768 631
435 660
423 863
260 767
778 704
789 133
186 616
641 641
126 887
484 780
95 315
590 489
30 543
95 416
701 295
562 579
941 589
360 309
697 995
932 566
230 11
871 103
520 635
677 811
1002 829
778 946
322 708
961 97
389 176
540 348
53 964
946 946
484 435
799 324
631 103
370 13
484 489
573 838
160 914
391 130
756 653
236 146
265 783
775 788
970 292
326 873
269 572
389 904
419 414
674 38
30 650
859 842
24 16
581 581
430 376
21 881
391 590
780 849
240 365
225 652
650 650
905 844
795 643
381 869
631 552
845 637
908 938
570 893
756 396
971 992
360 360
220 303
922 666
22 22
510 510
706 602
237 473
878 765
752 752
467 999
556 125
391 391
121 141
789 862
875 711
367 858
934 914
548 391
993 677
756 38
160 435
832 97
839 619
841 212
285 339
81 213
967 473
877 1022
861 861
960 367
473 229
396 650
767 303
926 865
147 357
439 487
435 1017
789 862
927 927
525 575
401 401
992 934
417 1001
902 635
639 878
959 965
37 37
44 93
961 227
292 820
177 1022
998 845
261 286
9 926
562 829
361 958
30 30
35 134
39 128
397 765
264 661
455 52
304 243
684 83
426 97
946 70
530 384
35 35
260 781
112 432
150 950
745 878
562 562
256 256
66 49
227 631
396 69
114 114
976 1017
243 112
164 557
283 998
36 969
899 271
893 216
98 296
419 419
482 363
1023 166
811 853
981 507
215 321
499 16
785 785
203 460
618 329
845 7
186 99
884 469
43 917
319 843
310 309
1001 4
717 631
717 203
69 69
288 843
172 940
264 83
623 623
648 164
265 882
396 396
112 782
195 195
595 356
485 776
962 557
551 69
508 55
858 992
523 634
17 331
922 532
383 743
756 58
266 403
255 830
695 825
789 789
249 603
43 821
142 168
661 185
823 790
492 839
879 919
990 946
601 601
27 253
795 717
910 849
624 208
58 58
632 740
643 927
352 773
27 452
253 452
432 742
785 602
134 877
739 642
677 56
972 503
910 74
765 878
826 896
427 417
625 924
526 837
769 349
709 808
43 201
426 441
201 25
110 309
35 139
256 552
236 720
109 510
572 269
990 788
468 585
253 910
825 838
244 852
46 46
229 589
61 696
411 203
413 437
863 863
139 246
882 646
387 37
1002 414
669 20
106 396
186 186
728 406
322 208
572 394
9 9
608 508
750 615
804 882
83 1005
142 11
30 767
551 795
837 514
216 216
776 7
468 69
706 51
51 592
430 878
926 866
3 935
554 827
910 165
438 201
878 878
475 776
252 716
600 397
995 732
900 900
110 543
989 760
830 81
670 119
92 25
727 805
384 384
186 255
926 795
865 302
543 543
922 511
519 41
604 536
425 338
808 192
574 209
608 684
369 11
320 85
35 110
915 646
133 158
275 607
990 901
804 530
530 364
30 604
525 206
380 380
49 858
306 899
641 571
569 569
479 811
960 504
164 873
60 112
441 284
722 439
110 110
933 698
60 724
465 769
0 530
964 964
2 926
223 543
955 1022
20 303
650 349
650 30
965 9
935 556
676 36
1013 29
269 732
270 883
1015 664
928 129
331 96
397 85
236 494
714 484
589 602
790 646
279 461
1015 217
719 830
841 841
422 917
684 794
114 114
749 628
451 741
698 590
263 18
66 714
23 233
524 653
492 409
561 599
346 420
1008 543
732 225
935 488
502 775
676 912
276 689
70 8
852 852
979 864
792 792
199 467
872 93
253 27
208 171
761 1017
720 720
740 829
104 379
631 536
302 295
819 6
938 728
466 825
946 829
799 287
713 213
143 308
285 680
828 704
41 334
434 0
295 776
887 175
643 723
737 795
962 419
836 694
837 500
909 814
805 13
890 890
139 139
923 164
380 771
28 93
397 136
287 82
411 411
396 789
395 453
720 157
948 927
68 669
68 1008
345 425
255 287
130 181
455 52
246 246
151 700
13 13
587 587
291 770
276 580
638 180
650 133
889 564
272 1
164 164
90 544
1002 744
82 987
25 717
225 123
435 282
380 871
316 316
7 595
602 701
231 62
871 602
361 361
929 110
1012 981
160 160
826 91
882 212
571 1001
737 201
933 740
640 856
893 122
531 293
390 7
456 488
110 110
391 333
491 908
8 776
619 619
888 888
77 425
448 677
706 567
76 347
683 692
1023 330
693 365
310 310
372 692
30 450
860 518
412 425
543 589
838 265
301 194
547 360
693 693
980 527
14 489
321 824
223 883
212 339
646 438
674 884
933 486
363 363
971 863
669 18
643 230
313 383
468 369
35 934
118 276
927 370
699 848
925 925
142 229
189 720
670 978
739 415
604 944
303 230
270 317
737 737
917 371
346 276
556 709
698 602
44 599
710 486
613 756
961 832
35 30
745 745
434 836
59 573
764 83
452 408
699 347
399 558
204 962
569 962
103 356
32 734
363 504
260 260
212 674
628 390
653 756
982 552
645 867
940 761
948 643
909 902
982 228
706 557
893 863
115 992
563 89
626 81
458 998
194 485
434 537
383 838
605 273
774 777
25 946
266 363
684 684
477 511
414 758
912 223
290 309
962 41
45 751
369 962
938 1008
249 603
76 224
636 436
321 321
174 41
775 203
567 856
970 261
59 602
43 405
631 85
150 699
339 395
660 707
14 299
701 420
236 727
330 727
812 110
156 986
237 294
751 62
59 38
626 265
210 423
509 216
964 812
25 580
684 971
249 580
202 43
469 469
502 509
518 18
31 686
110 390
767 20
896 609
177 177
347 511
31 301
92 48
352 643
316 565
71 412
324 997
58 134
200 726
939 71
750 484
830 569
40 743
387 387
370 929
641 641
1011 1011
66 981
884 238
66 1010
136 252
188 300
726 616
31 31
562 571
226 992
492 646
438 1001
919 919
387 387
783 119
672 672
908 166
778 50
401 602
105 441
165 643
133 133
660 435
148 473
313 474
56 207
945 581
378 378
778 496
657 682
767 825
1012 589
795 487
189 71
479 429
247 32
944 158
552 152
414 871
789 301
354 227
227 791
415 82
290 585
455 455
1008 484
691 229
136 719
828 638
905 197
119 261
61 933
82 979
642 388
665 435
51 256
509 50
577 340
235 874
406 679
995 732
585 160
929 926
875 475
852 448
1016 991
318 49
720 826
1014 474
543 585
791 451
573 863
796 672
253 173
116 517
541 626
815 811
851 994
986 254
390 270
700 27
223 558
185 368
953 647
978 784
427 427
646 387
624 287
886 886
30 30
426 949
114 908
839 287
334 619
33 926
457 2
395 862
586 66
123 650
449 533
205 302
71 494
396 322
234 165
62 277
473 473
763 62
879 958
322 896
330 33
188 188
594 537
489 824
434 613
163 222
354 577
295 887
164 339
453 775
190 324
426 675
1007 970
520 291
299 81
257 753
866 192
57 917
992 416
731 731
632 696
871 370
217 278
436 0
845 681
927 300
417 107
192 315
433 433
51 761
1012 225
385 455
735 794
507 412
966 310
425 926
589 468
462 621
322 623
343 343
910 910
687 696
709 1001
1010 164
519 300
686 36
956 956
560 765
659 784
818 793
223 253
230 931
96 274
628 922
685 348
894 894
455 446
497 903
66 984
145 447
246 804
626 494
567 706
991 495
693 693
200 824
380 419
661 513
239 524
596 282
997 347
578 236
15 239
815 107
401 301
448 922
214 346
309 302
717 897
790 651
702 542
412 445
473 677
737 33
784 701
315 875
889 630
714 407
778 25
881 948
1001 531
363 164
1021 221
394 223
546 735
265 244
192 929
419 225
630 941
494 494
838 237
858 784
882 160
390 30
156 1018
265 93
643 352
334 334
301 825
31 858
557 70
608 187
310 495
30 390
669 610
65 186
300 204
730 571
144 158
930 215
873 648
347 590
469 360
445 183
15 344
1008 68
752 752
990 301
0 0
162 801
360 783
964 514
539 539
537 909
648 150
678 678
958 567
121 910
369 775
22 567
30 791
197 349
271 850
776 229
615 589
218 341
724 737
661 661
964 701
368 368
236 382
159 321
119 284
442 379
921 239
420 420
683 375
500 175
461 142
178 675
616 706
828 780
227 168
389 585
338 984
954 125
498 653
300 324
188 786
85 187
37 941
507 958
565 307
61 589
301 244
75 124
610 286
872 30
133 628
274 71
926 164
233 91
273 273
68 646
156 313
91 886
118 79
980 645
212 841
196 11
637 534
963 850
893 196
238 265
279 50
813 709
22 795
105 1
638 414
321 85
976 543
972 85
648 175
540 828
29 243
914 30
210 210
882 348
447 426
960 730
203 756
889 416
30 785
124 533
225 394
775 276
971 710
240 62
294 64
962 589
9 817
56 56
32 398
1023 44
752 382
915 915
585 639
883 144
743 811
715 917
135 135
212 1017
770 701
464 700
180 778
949 926
39 39
82 613
488 367
211 415
343 660
370 573
284 628
919 919
597 80
551 551
290 560
964 625
476 476
946 946
612 780
905 704
486 726
1015 49
716 971
567 937
284 79
540 152
290 443
150 552
995 752
99 334
735 843
684 914
732 732
86 86
389 425
760 20
102 392
406 353
218 826
486 604
837 531
892 55
42 35
139 169
196 200
897 158
785 1017
105 544
865 349
273 241
652 973
441 277
571 933
885 628
216 386
1016 4
332 938
293 941
469 469
739 788
196 887
51 107
75 616
41 548
100 207
177 412
167 224
94 573
599 923
996 11
351 80
570 548
739 507
628 284
226 226
39 115
995 123
785 1017
448 571
653 239
453 230
30 30
856 856
644 811
36 3
301 486
775 613
751 751
935 1010
693 819
696 704
912 416
434 593
841 882
849 204
713 763
892 864
926 926
585 628
987 600
226 650
354 404
1 839
44 93
97 97
706 378
578 809
239 20
625 401
882 158
347 154
967 731
397 502
104 72
585 7
391 984
397 689
11 4
334 749
499 166
829 788
1007 595
457 769
52 569
863 676
902 205
682 874
935 231
604 223
701 701
86 994
792 856
507 139
782 114
180 717
327 708
156 588
843 898
723 318
814 209
164 877
1 8
845 722
209 1016
882 849
518 45
370 929
983 624
696 131
988 703
985 794
275 399
435 679
175 368
628 831
1002 665
882 882
58 58
703 774
528 87
469 548
441 164
995 822
676 912
35 871
965 852
882 398
628 374
709 349
475 694
585 543
13 13
573 838
250 250
307 989
982 983
353 171
141 131
301 301
266 217
521 711
441 441
753 766
882 438
227 295
710 708
824 240
502 704
788 877
878 380
853 949
43 135
85 103
346 859
983 185
1022 1022
103 160
519 202
946 990
621 249
514 126
134 515
30 785
926 135
4 840
635 633
534 585
814 704
824 814
250 888
932 155
638 839
295 679
4 855
765 777
118 628
1022 192
51 152
819 206
827 685
829 525
129 887
715 390
974 893
711 831
76 543
749 159
543 543
915 915
56 656
888 554
426 441
720 234
365 1018
289 393
805 38
750 27
768 340
261 688
309 223
796 849
185 467
415 1020
677 497
249 685
1017 604
549 93
65 731
255 567
61 486
396 723
70 511
726 726
237 725
229 220
71 711
548 870
728 938
333 333
322 110
66 49
802 756
186 557
366 133
516 872
710 901
50 50
168 150
886 134
157 324
60 795
941 110
198 103
133 133
467 366
360 626
705 608
170 452
125 978
972 808
803 394
660 938
885 739
318 318
710 82
750 804
849 300
726 269
427 401
74 488
833 894
159 30
395 199
486 486
222 914
628 831
160 451
381 381
382 236
133 944
814 827
212 227
10 573
809 465
978 596
786 240
202 239
871 871
290 562
55 892
187 226
230 281
349 295
265 119
343 419
277 277
492 108
135 980
16 889
161 623
543 543
557 560
186 441
562 277
104 902
223 626
651 502
551 370
966 677
511 291
788 569
377 249
125 596
514 810
882 130
983 451
736 474
966 1022
400 954
901 245
623 711
353 260
946 435
895 414
897 964
872 730
930 895
556 604
353 894
363 265
482 162
457 822
307 10
681 693
778 668
764 862
482 950
775 20
299 596
315 315
732 329
914 716
615 615
983 946
661 908
999 985
86 743
717 303
42 263
618 531
10 563
856 792
717 775
95 912
745 309
878 225
353 626
699 173
588 422
897 717
542 557
442 102
224 511
82 248
835 703
714 281
1015 882
135 425
152 152
701 964
907 973
146 112
35 164
25 557
873 298
983 466
571 388
652 331
679 21
205 546
18 339
25 715
170 452
456 456
466 756
110 722
560 461
468 609
496 5
652 268
871 35
964 650
871 871
81 73
957 39
814 142
198 585
908 585
507 507
126 909
442 102
363 145
1003 190
237 266
888 517
983 517
940 265
496 722
947 377
965 659
491 544
556 481
929 602
681 626
710 506
802 352
65 285
389 497
788 101
521 724
878 461
548 281
667 667
192 401
485 449
699 848
458 93
812 441
486 831
363 602
145 830
301 156
992 992
307 929
560 896
938 811
926 492
676 469
557 468
202 202
949 317
448 713
507 949
186 616
487 487
732 186
414 871
280 896
494 980
396 158
9 901
924 123
533 450
659 730
866 976
603 966
369 453
560 25
110 420
990 604
829 401
849 435
344 750
30 5
701 795
910 551
375 886
695 695
604 164
270 553
349 782
4 4
550 379
631 593
40 20
239 615
492 492
604 364
515 480
350 471
239 706
309 494
806 834
119 678
586 32
96 482
270 506
695 678
329 181
928 251
878 508
341 653
575 887
1007 527
358 958
855 200
595 595
921 852
575 957
553 165
230 819
359 122
468 468
603 603
566 510
608 201
609 989
187 631
639 361
364 556
722 1013
740 968
67 396
33 781
968 623
789 723
396 158
931 228
715 995
85 789
215 632
512 337
303 969
143 45
979 975
327 335
833 586
468 290
177 388
600 977
1 862
227 688
711 9
710 873
602 486
740 817
691 367
990 231
189 850
44 760
841 73
962 962
28 28
509 509
270 602
474 991
808 765
532 456
30 767
749 908
164 164
795 164
310 474
802 567
353 730
30 628
706 896
811 300
227 7
28 479
81 145
606 76
110 390
233 361
893 514
280 715
780 139
960 784
249 249
879 361
52 515
425 29
522 255
27 533
71 412
844 922
351 374
55 55
252 953
119 30
200 416
831 486
68 917
710 669
650 119
473 317
993 538
728 818
719 675
238 849
28 907
701 420
404 283
447 447
706 706
643 863
419 301
409 234
468 745
944 245
569 799
176 715
73 212
646 61
159 1017
708 949
133 717
672 926
812 309
593 180
283 719
58 785
830 485
478 809
43 752
824 878
674 498
121 148
650 30
158 768
812 129
660 55
782 812
188 383
616 767
946 660
405 459
871 596
210 795
69 448
685 116
300 38
471 185
1011 244
93 767
963 466
106 879
429 610
715 619
889 889
758 771
214 506
750 878
923 923
434 951
322 236
493 57
266 643
164 917
706 792
886 91
353 505
607 240
837 514
875 501
907 443
1007 254
677 899
179 730
564 69
76 66
983 274
376 376
791 870
496 225
662 624
691 18
812 914
473 68
227 159
530 767
267 806
828 110
571 751
361 542
878 380
123 494
670 471
238 434
217 43
527 62
691 939
41 548
856 134
948 948
562 4
248 642
273 81
486 435
705 540
159 508
300 300
953 447
557 962
493 493
841 156
110 604
45 335
543 639
776 697
680 860
894 604
251 345
528 528
495 495
687 448
320 320
676 266
668 575
804 573
641 432
488 488
922 538
543 85
782 626
843 865
470 266
897 187
586 646
700 700
533 715
933 396
1012 130
418 204
503 470
531 573
66 82
824 142
665 893
61 884
35 486
748 422
796 216
270 553
910 723
829 360
155 936
548 444
210 55
564 792
424 493
549 599
693 693
252 765
440 97
803 340
166 908
965 965
398 463
2 926
473 788
469 858
258 91
747 348
507 615
242 462
655 193
181 868
797 655
