// Data set for sgemm

int dataset_sz = 1024;

//float src0[] __attribute__ ((aligned (32))) = {
float src0[] = {
  3.90799e-14,
  0.041631,
  0.364602,
  0.0922977,
  0.52675,
  0.233178,
  0.931731,
  0.556094,
  0.767051,
  0.25236,
  0.875981,
  0.920261,
  0.810429,
  0.886314,
  0.0767746,
  0.984891,
  0.893906,
  0.100916,
  0.0198417,
  0.678877,
  0.752707,
  0.624407,
  0.61755,
  0.186536,
  0.5095,
  0.701703,
  0.876312,
  0.525252,
  0.542743,
  0.171142,
  0.861905,
  0.0525795,
  0.334284,
  0.270315,
  0.676226,
  0.464211,
  0.512203,
  0.738759,
  0.577967,
  0.333529,
  0.176928,
  0.852681,
  0.954887,
  0.138915,
  0.126987,
  0.000502785,
  0.58678,
  0.0267859,
  0.785343,
  0.287904,
  0.525972,
  0.266314,
  0.468044,
  0.447177,
  0.966093,
  0.466057,
  0.134039,
  0.0180877,
  0.670082,
  0.143217,
  0.908283,
  0.366065,
  0.884822,
  0.163028,
  0.479854,
  0.60843,
  0.182497,
  0.898759,
  0.942626,
  0.930512,
  0.337718,
  0.702077,
  0.768085,
  0.0908641,
  0.174644,
  0.419054,
  0.378232,
  0.138448,
  0.29978,
  0.238803,
  0.221059,
  0.494525,
  0.77383,
  0.119801,
  0.341916,
  0.588122,
  0.069927,
  0.403161,
  0.191161,
  0.176332,
  0.115748,
  0.992644,
  0.811796,
  0.329342,
  0.823483,
  0.657982,
  0.610365,
  0.814954,
  0.274311,
  0.601041,
  0.630215,
  0.278501,
  0.642986,
  0.413655,
  0.618289,
  0.181457,
  0.0233282,
  0.951453,
  0.20494,
  0.935652,
  0.546866,
  0.449752,
  0.200814,
  0.0498956,
  0.574563,
  0.41561,
  0.355701,
  0.391946,
  0.285516,
  0.444385,
  0.921284,
  0.861146,
  0.686701,
  0.129647,
  0.0130721,
  0.865676,
  0.924289,
  0.662069,
  0.0763399,
  0.00325213,
  0.789756,
  0.545893,
  0.726753,
  0.255246,
  0.482949,
  0.100876,
  0.858395,
  0.82157,
  0.0194594,
  0.0630804,
  0.190257,
  0.447314,
  0.151123,
  0.649658,
  0.356802,
  0.721992,
  0.306141,
  0.91078,
  0.239058,
  0.368411,
  0.849258,
  0.0561211,
  0.479733,
  0.980527,
  0.912656,
  0.713813,
  0.0292117,
  0.0183105,
  0.154636,
  0.756538,
  0.128804,
  0.122524,
  0.0658728,
  0.412451,
  0.353495,
  0.973425,
  0.861975,
  0.867867,
  0.208479,
  0.984823,
  0.576262,
  0.46416,
  0.302084,
  0.098524,
  0.698138,
  0.893077,
  0.302287,
  0.8241,
  0.590112,
  0.502689,
  0.724808,
  0.455035,
  0.960489,
  0.940439,
  0.0978708,
  0.0847016,
  0.86891,
  0.880272,
  0.202012,
  0.644231,
  0.0984262,
  0.507583,
  0.892915,
  0.68925,
  0.240409,
  0.768728,
  0.481051,
  0.0735676,
  0.507623,
  0.131093,
  0.763973,
  0.965288,
  0.11592,
  0.745246,
  0.58546,
  0.88446,
  0.0565028,
  0.45242,
  0.230231,
  0.571254,
  0.218364,
  0.0386261,
  0.0538191,
  0.529782,
  0.114494,
  0.500902,
  0.494231,
  0.0350746,
  0.915601,
  0.861768,
  0.0153471,
  0.239358,
  0.101573,
  0.244662,
  0.591599,
  0.768635,
  0.803579,
  0.50618,
  0.0592642,
  0.861748,
  0.828654,
  0.710174,
  0.0317971,
  0.671436,
  0.433837,
  0.124291,
  0.104943,
  0.820584,
  0.14833,
  0.221272,
  0.76193,
  0.686691,
  0.329879,
  0.375358,
  0.729884,
  0.17376,
  0.685514,
  0.558393,
  0.535651,
  0.923171,
  0.686961,
  0.360733,
  0.662554,
  0.0137413,
  0.667512,
  0.0888169,
  0.0191816,
  0.206055,
  0.399823,
  0.524278,
  0.3971,
  0.697282,
  0.123042,
  0.168706,
  0.21649,
  0.170083,
  0.312893,
  0.443719,
  0.136992,
  0.642834,
  0.969753,
  0.367711,
  0.0456469,
  0.258288,
  0.837492,
  0.688702,
  0.52461,
  0.683919,
  0.759754,
  0.316928,
  0.148406,
  0.239584,
  0.33058,
  0.171349,
  0.863814,
  0.216758,
  0.102704,
  0.230993,
  0.26502,
  0.1085,
  0.879562,
  0.665078,
  0.792525,
  0.630425,
  0.0359759,
  0.405085,
  0.756344,
  0.480335,
  0.387701,
  0.417493,
  0.612354,
  0.757822,
  0.86144,
  0.23763,
  0.105243,
  0.84501,
  0.104651,
  0.0330962,
  0.732294,
  0.335741,
  0.218391,
  0.579483,
  0.47934,
  0.292917,
  0.996661,
  0.0516261,
  0.933532,
  0.712304,
  0.412148,
  0.46036,
  0.687137,
  0.576024,
  0.600958,
  0.897792,
  0.412392,
  0.290063,
  0.267869,
  0.49332,
  0.109539,
  0.617532,
  0.258866,
  0.128187,
  0.808443,
  0.443031,
  0.029097,
  0.508058,
  0.43881,
  0.833358,
  0.872171,
  0.151167,
  0.674812,
  0.89594,
  0.0705783,
  0.21381,
  0.306999,
  0.878733,
  0.577276,
  0.84547,
  0.0977268,
  0.803995,
  0.444886,
  0.942635,
  0.135853,
  0.683185,
  0.981669,
  0.753355,
  0.422319,
  0.0214089,
  0.532371,
  0.77386,
  0.790272,
  0.887194,
  0.857243,
  0.774054,
  0.291724,
  0.297004,
  0.313978,
  0.590476,
  0.867308,
  0.0438109,
  0.434994,
  0.533305,
  0.456499,
  0.385154,
  0.0364597,
  0.868259,
  0.702766,
  0.198498,
  0.695628,
  0.854752,
  0.0614069,
  0.310355,
  0.289511,
  0.248398,
  0.427422,
  0.710492,
  0.300612,
  0.00900238,
  0.366578,
  0.2737,
  0.764369,
  0.194412,
  0.654893,
  0.428968,
  0.058197,
  0.666101,
  0.110096,
  0.939546,
  0.213394,
  0.284144,
  0.633189,
  0.587271,
  0.0689482,
  0.727227,
  0.969032,
  0.0906413,
  0.380172,
  0.937598,
  0.94199,
  0.0285232,
  0.945305,
  0.461379,
  0.825957,
  0.890016,
  0.919677,
  0.631414,
  0.0676589,
  0.625854,
  0.749714,
  0.622832,
  0.797972,
  0.237892,
  0.578003,
  0.900761,
  0.438035,
  0.0105695,
  0.545855,
  0.475154,
  0.235276,
  0.961916,
  0.151216,
  0.679416,
  0.74904,
  0.971513,
  0.707502,
  0.897557,
  0.146312,
  0.828978,
  0.992856,
  0.778833,
  0.665123,
  0.138917,
  0.37954,
  0.999364,
  0.75652,
  0.616913,
  0.0896034,
  0.556957,
  0.225576,
  0.816021,
  0.735675,
  0.918379,
  0.157721,
  0.734353,
  0.974665,
  0.0775884,
  0.538749,
  0.0717326,
  0.927368,
  0.728931,
  0.255177,
  0.127023,
  0.99839,
  0.311062,
  0.596208,
  0.457622,
  0.868525,
  0.635386,
  0.469349,
  0.45875,
  0.725661,
  0.177029,
  0.288849,
  0.962524,
  0.250467,
  0.876898,
  0.899379,
  0.805478,
  0.479585,
  0.480124,
  0.957014,
  0.0680288,
  0.431724,
  0.0191862,
  0.905344,
  0.350561,
  0.301015,
  0.0392974,
  0.0566365,
  0.0181514,
  0.0971701,
  0.559112,
  0.316299,
  0.819621,
  0.843438,
  0.561588,
  0.773436,
  0.666449,
  0.831045,
  0.0178489,
  0.721142,
  0.64325,
  0.972757,
  0.0611293,
  0.667218,
  0.513874,
  0.998382,
  0.948419,
  0.549341,
  0.0858356,
  0.0915002,
  0.874161,
  0.678279,
  0.800649,
  0.579377,
  0.533374,
  0.898543,
  0.828797,
  0.456984,
  0.570828,
  0.0779817,
  0.765427,
  0.851232,
  0.69841,
  0.316103,
  0.746505,
  0.0129699,
  0.314558,
  0.195499,
  0.435045,
  0.062006,
  0.917694,
  0.991565,
  0.863172,
  0.504339,
  0.469778,
  0.00278047,
  0.558127,
  0.490997,
  0.136681,
  0.067121,
  0.729,
  0.894317,
  0.508778,
  0.889769,
  0.545829,
  0.540194,
  0.488208,
  0.0230832,
  0.703843,
  0.353783,
  0.518482,
  0.211884,
  0.533013,
  0.751321,
  0.727639,
  0.3454,
  0.886705,
  0.34219,
  0.857912,
  0.441828,
  0.923117,
  0.893024,
  0.562849,
  0.932247,
  0.67931,
  0.549636,
  0.767137,
  0.00771965,
  0.0300158,
  0.512701,
  0.304827,
  0.946721,
  0.222067,
  0.719603,
  0.978476,
  0.14961,
  0.680142,
  0.597538,
  0.514675,
  0.0726783,
  0.190676,
  0.62191,
  0.630738,
  0.376392,
  0.88816,
  0.239261,
  0.572789,
  0.380732,
  0.691683,
  0.695405,
  0.0372871,
  0.355152,
  0.969465,
  0.447147,
  0.345999,
  0.261455,
  0.245247,
  0.129918,
  0.108709,
  0.314982,
  0.702795,
  0.503814,
  0.378459,
  0.132817,
  0.0934124,
  0.40703,
  0.48086,
  0.29729,
  0.406228,
  0.508332,
  0.282047,
  0.878872,
  0.322161,
  0.569162,
  0.649076,
  0.834634,
  0.0398606,
  0.00118701,
  0.252089,
  0.226753,
  0.535527,
  0.736531,
  0.659339,
  0.890126,
  0.698431,
  0.815614,
  0.884149,
  0.518981,
  0.0700548,
  0.641506,
  0.157157,
  0.139414,
  0.107183,
  0.549849,
  0.717704,
  0.588139,
  0.987886,
  0.199887,
  0.844964,
  0.92729,
  0.984243,
  0.304818,
  0.182456,
  0.690921,
  0.336751,
  0.388634,
  0.648797,
  0.480955,
  0.382797,
  0.581803,
  0.873085,
  0.708614,
  0.415148,
  0.949602,
  0.145061,
  0.211966,
  0.376344,
  0.484609,
  0.328198,
  0.0710189,
  0.0309897,
  0.688779,
  0.0481244,
  0.188889,
  0.70031,
  0.620769,
  0.73929,
  0.110855,
  0.992008,
  0.390581,
  0.80957,
  0.112716,
  0.213301,
  0.346313,
  0.265462,
  0.805679,
  0.316179,
  0.616738,
  0.629843,
  0.377046,
  0.291284,
  0.248642,
  0.879704,
  0.114347,
  0.900472,
  0.909281,
  0.433103,
  0.0450772,
  0.517967,
  0.0120211,
  0.922511,
  0.36505,
  0.636185,
  0.167178,
  0.606054,
  0.825447,
  0.284662,
  0.0602408,
  0.788616,
  0.401953,
  0.20916,
  0.216152,
  0.551529,
  0.378936,
  0.162922,
  0.620969,
  0.422625,
  0.447476,
  0.0731523,
  0.841202,
  0.357614,
  0.538076,
  0.163215,
  0.106324,
  0.54933,
  0.887244,
  0.334639,
  0.801359,
  0.133096,
  0.271694,
  0.242937,
  0.954203,
  0.814484,
  0.434727,
  0.537349,
  0.59622,
  0.810013,
  0.476424,
  0.677027,
  0.324899,
  0.261815,
  0.382626,
  0.584789,
  0.00377639,
  0.46408,
  0.927207,
  0.154475,
  0.297527,
  0.822072,
  0.898007,
  0.289052,
  0.659081,
  0.453795,
  0.968828,
  0.714007,
  0.460809,
  0.73987,
  0.568241,
  0.284197,
  0.193273,
  0.928969,
  0.780508,
  0.882217,
  0.0427274,
  0.11412,
  0.654755,
  0.292458,
  0.702502,
  0.509505,
  0.295583,
  0.627437,
  0.973598,
  0.977835,
  0.761651,
  0.981592,
  0.566275,
  0.185172,
  0.108312,
  0.992625,
  0.527081,
  0.593073,
  0.87621,
  0.901626,
  0.884766,
  0.737169,
  0.949832,
  0.520547,
  0.433662,
  0.886825,
  0.988304,
  0.239296,
  0.0546073,
  0.232269,
  0.565301,
  0.834536,
  0.611145,
  0.203597,
  0.745774,
  0.378453,
  0.252709,
  0.390301,
  0.0742497,
  0.98812,
  0.906675,
  0.8005,
  0.852777,
  0.50472,
  0.847622,
  0.875781,
  0.14619,
  0.446779,
  0.494829,
  0.760606,
  0.168148,
  0.742681,
  0.00798818,
  0.814445,
  0.573493,
  0.815135,
  0.826305,
  0.250362,
  0.710808,
  0.563884,
  0.0276031,
  0.0854832,
  0.0735786,
  0.672837,
  0.271743,
  0.296835,
  0.0292453,
  0.453934,
  0.136624,
  0.19025,
  0.402445,
  0.132437,
  0.855203,
  0.510586,
  0.642102,
  0.0769696,
  0.818454,
  0.748236,
  0.111574,
  0.982528,
  0.721836,
  0.429929,
  0.506897,
  0.425786,
  0.901832,
  0.921071,
  0.53023,
  0.529434,
  0.234278,
  0.412383,
  0.723922,
  0.695904,
  0.947667,
  0.315359,
  0.805205,
  0.500723,
  0.842303,
  0.249074,
  0.932329,
  0.871859,
  0.700133,
  0.165106,
  0.0800172,
  0.623834,
  0.120252,
  0.92789,
  0.105459,
  0.263978,
  0.621574,
  0.844533,
  0.145615,
  0.743095,
  0.616789,
  0.221152,
  0.702425,
  0.483958,
  0.780739,
  0.0120589,
  0.144603,
  0.588409,
  0.411496,
  0.0235962,
  0.382989,
  0.597488,
  0.613878,
  0.936225,
  0.161032,
  0.558899,
  0.522858,
  0.616436,
  0.74277,
  0.442231,
  0.328234,
  0.804343,
  0.777774,
  0.134785,
  0.562146,
  0.283298,
  0.775801,
  0.34942,
  0.967464,
  0.0646588,
  0.933524,
  0.78078,
  0.277756,
  0.953805,
  0.0214754,
  0.757365,
  0.408517,
  0.102803,
  0.661451,
  0.454277,
  0.884505,
  0.800586,
  0.602915,
  0.455152,
  0.809495,
  0.803307,
  0.541534,
  0.08162,
  0.322448,
  0.965501,
  0.613782,
  0.444805,
  0.278045,
  0.79698,
  0.948616,
  0.615737,
  0.839719,
  0.84086,
  0.560578,
  0.660201,
  0.779788,
  0.444913,
  0.428199,
  0.538406,
  0.543942,
  0.581409,
  0.81745,
  0.0310166,
  0.556345,
  0.8599,
  0.782021,
  0.92045,
  0.816743,
  0.772882,
  0.300543,
  0.62999,
  0.572467,
  0.516053,
  0.695443,
  0.403137,
  0.735886,
  0.432875,
  0.818926,
  0.891771,
  0.761813,
  0.247398,
  0.988672,
  0.714053,
  0.899577,
  0.769854,
  0.809125,
  0.141654,
  0.090904,
  0.686223,
  0.82386,
  0.58076,
  0.297452,
  0.376048,
  0.410292,
  0.922462,
  0.710788,
  0.441972,
  0.450103,
  0.155484,
  0.122795,
  0.780031,
  0.0870439,
  0.857873,
  0.715937,
  0.571455,
  0.318375,
  0.314139,
  0.670504,
  0.53476,
  0.256998,
  0.0404592,
  0.279918,
  0.141164,
  0.648426,
  0.442964,
  0.715349,
  0.266862,
  0.630043,
  0.182736,
  0.187369,
  0.93247,
  0.779681,
  0.576047,
  0.0150411,
  0.362936,
  0.21637,
  0.0194849,
  0.0317973,
  0.590483,
  0.888162,
  0.997017,
  0.832654,
  0.218667,
  0.210294,
  0.699641,
  0.598752,
  0.767362,
  0.901469,
  0.668201,
  0.622922,
  0.226527,
  0.206907,
  0.15603,
  0.203887,
  0.0608466,
  0.693856,
  0.100507,
  0.276954,
  0.927838,
  0.45858,
  0.691221,
  0.00544828,
  0.798805,
};

//float src1[] __attribute__ ((aligned (32))) = {
float src1[] = {
  0.000985395,
  0.176643,
  0.0913306,
  0.487217,
  0.454433,
  0.831292,
  0.56806,
  0.0508319,
  0.0189148,
  0.298197,
  0.531557,
  0.515431,
  0.18842,
  0.570614,
  0.815274,
  0.118352,
  0.784484,
  0.253311,
  0.378377,
  0.680923,
  0.00622945,
  0.126462,
  0.770928,
  0.496722,
  0.315939,
  0.367247,
  0.370995,
  0.427835,
  0.667979,
  0.830779,
  0.769221,
  0.96673,
  0.0820965,
  0.0742624,
  0.810159,
  0.569185,
  0.58651,
  0.871689,
  0.964704,
  0.392828,
  0.111869,
  0.811172,
  0.904283,
  0.686187,
  0.0040902,
  0.192952,
  0.374959,
  0.464765,
  0.442235,
  0.853353,
  0.728417,
  0.783484,
  0.196997,
  0.72844,
  0.756841,
  0.868966,
  0.846053,
  0.940855,
  0.799972,
  0.61046,
  0.774415,
  0.944288,
  0.445171,
  0.424817,
  0.0311283,
  0.792261,
  0.525121,
  0.30879,
  0.388025,
  0.911384,
  0.532812,
  0.971011,
  0.751941,
  0.853967,
  0.0197704,
  0.29637,
  0.418716,
  0.380847,
  0.0210121,
  0.0371094,
  0.525435,
  0.882522,
  0.0590025,
  0.547801,
  0.456812,
  0.58515,
  0.818931,
  0.585483,
  0.892277,
  0.207704,
  0.158915,
  0.681571,
  0.642215,
  0.737553,
  0.721261,
  0.358774,
  0.415004,
  0.773965,
  0.044742,
  0.514091,
  0.180893,
  0.452489,
  0.742832,
  0.618052,
  0.854436,
  0.307928,
  0.00918198,
  0.990755,
  0.604093,
  0.559567,
  0.439128,
  0.306805,
  0.2158,
  0.209561,
  0.91482,
  0.654159,
  0.586702,
  0.0338502,
  0.091604,
  0.925937,
  0.605928,
  0.0147172,
  0.844568,
  0.059656,
  0.391159,
  0.0150574,
  0.886719,
  0.654911,
  0.0929771,
  0.52667,
  0.654019,
  0.798389,
  0.253315,
  0.138354,
  0.467587,
  0.504214,
  0.0100477,
  0.964318,
  0.929619,
  0.0379622,
  0.276666,
  0.649382,
  0.487155,
  0.53428,
  0.394116,
  0.724702,
  0.106581,
  0.740914,
  0.651344,
  0.0261815,
  0.0418161,
  0.426039,
  0.501695,
  0.607505,
  0.750417,
  0.971132,
  0.264289,
  0.0806761,
  0.114352,
  0.938249,
  0.592612,
  0.599178,
  0.256026,
  0.948387,
  0.0169964,
  0.762359,
  0.40513,
  0.0367614,
  0.423333,
  0.564353,
  0.468223,
  0.76112,
  0.417257,
  0.136846,
  0.180448,
  0.730879,
  0.141218,
  0.442203,
  0.977622,
  0.897659,
  0.261282,
  0.261958,
  0.0169306,
  0.901961,
  0.521123,
  0.795402,
  0.0957817,
  0.00600615,
  0.472639,
  0.933968,
  0.570898,
  0.659436,
  0.735755,
  0.809339,
  0.763515,
  0.54236,
  0.41438,
  0.526698,
  0.751598,
  0.00937614,
  0.101193,
  0.0892442,
  0.896274,
  0.21853,
  0.240793,
  0.396093,
  0.927216,
  0.870782,
  0.488962,
  0.852889,
  0.920511,
  0.40839,
  0.105162,
  0.572954,
  0.0425676,
  0.724749,
  0.346086,
  0.366505,
  0.504929,
  0.923538,
  0.289962,
  0.716462,
  0.777378,
  0.431663,
  0.514516,
  0.721587,
  0.740518,
  0.818314,
  0.575871,
  0.551174,
  0.124058,
  0.00157201,
  0.291344,
  0.300237,
  0.273296,
  0.134329,
  0.416033,
  0.260122,
  0.0138782,
  0.352915,
  0.421203,
  0.526691,
  0.143644,
  0.744665,
  0.731954,
  0.556697,
  0.870456,
  0.344739,
  0.962264,
  0.752715,
  0.336166,
  0.707908,
  0.397451,
  0.407951,
  0.219446,
  0.617571,
  0.217242,
  0.374485,
  0.293948,
  0.792152,
  0.727059,
  0.631985,
  0.733361,
  0.0281082,
  0.170799,
  0.528646,
  0.901156,
  0.0791526,
  0.53529,
  0.842087,
  0.340412,
  0.712868,
  0.124773,
  0.965184,
  0.687851,
  0.808773,
  0.583177,
  0.460254,
  0.276283,
  0.0659669,
  0.472621,
  0.944774,
  0.260945,
  0.873876,
  0.478475,
  0.772772,
  0.207741,
  0.166173,
  0.804494,
  0.258255,
  0.2152,
  0.625837,
  0.345951,
  0.250514,
  0.806997,
  0.438404,
  0.784341,
  0.7159,
  0.0281683,
  0.900804,
  0.834165,
  0.606587,
  0.405708,
  0.584804,
  0.490458,
  0.704126,
  0.692993,
  0.426893,
  0.275132,
  0.314019,
  0.607551,
  0.070587,
  0.16088,
  0.657304,
  0.092966,
  0.0224522,
  0.063295,
  0.556107,
  0.988242,
  0.699764,
  0.535025,
  0.542324,
  0.371753,
  0.24556,
  0.570197,
  0.832116,
  0.26194,
  0.0659505,
  0.233001,
  0.703576,
  0.803192,
  0.404914,
  0.161266,
  0.690954,
  0.542918,
  0.913377,
  0.863972,
  0.665999,
  0.914567,
  0.0922657,
  0.131121,
  0.315506,
  0.581422,
  0.693284,
  0.804998,
  0.743849,
  0.867274,
  0.646554,
  0.623799,
  0.930262,
  0.102613,
  0.850835,
  0.841756,
  0.552864,
  0.348773,
  0.209897,
  0.85431,
  0.254909,
  0.627505,
  0.627729,
  0.112535,
  0.773443,
  0.479735,
  0.285605,
  0.197939,
  0.476542,
  0.404809,
  0.415644,
  0.0469354,
  0.762543,
  0.490307,
  0.958349,
  0.96368,
  0.463136,
  0.332576,
  0.945686,
  0.240648,
  0.861911,
  0.169366,
  0.186674,
  0.918223,
  0.19096,
  0.99856,
  0.848987,
  0.45775,
  0.500323,
  0.34071,
  0.827981,
  0.876902,
  0.608564,
  0.218197,
  0.373621,
  0.201899,
  0.437495,
  0.870058,
  0.306156,
  0.927995,
  0.410016,
  0.699112,
  0.292981,
  0.547851,
  0.747304,
  0.956784,
  0.0819872,
  0.1068,
  0.440025,
  0.711056,
  0.290783,
  0.174689,
  0.387987,
  0.714289,
  0.336545,
  0.585883,
  0.703631,
  0.890181,
  0.357848,
  0.792193,
  0.456972,
  0.292908,
  0.52766,
  0.697903,
  0.203092,
  0.556564,
  0.985825,
  0.401726,
  0.477996,
  0.0492697,
  0.729667,
  0.357432,
  0.0746424,
  0.17388,
  0.192994,
  0.0830794,
  0.318164,
  0.51601,
  0.916574,
  0.698158,
  0.747776,
  0.830125,
  0.667334,
  0.248648,
  0.582616,
  0.175742,
  0.598802,
  0.991894,
  0.0997007,
  0.868316,
  0.561984,
  0.556367,
  0.584443,
  0.293196,
  0.473664,
  0.165792,
  0.827632,
  0.0460466,
  0.728267,
  0.922804,
  0.237515,
  0.309434,
  0.999725,
  0.484168,
  0.511578,
  0.85283,
  0.421436,
  0.327819,
  0.469884,
  0.552036,
  0.0552168,
  0.211341,
  0.090265,
  0.864116,
  0.764288,
  0.352192,
  0.00540993,
  0.265178,
  0.0906464,
  0.321905,
  0.722877,
  0.260901,
  0.503812,
  0.639628,
  0.611262,
  0.2135,
  0.435767,
  0.574822,
  0.259245,
  0.893831,
  0.846019,
  0.724551,
  0.158967,
  0.363671,
  0.671062,
  0.517762,
  0.791155,
  0.520703,
  0.40412,
  0.91708,
  0.0966452,
  0.397558,
  0.223899,
  0.238074,
  0.00743158,
  0.0962819,
  0.545193,
  0.186609,
  0.180096,
  0.0609063,
  0.59951,
  0.926818,
  0.325443,
  0.243319,
  0.670519,
  0.235385,
  0.560397,
  0.601434,
  0.906955,
  0.572246,
  0.0216981,
  0.283699,
  0.214712,
  0.203492,
  0.575654,
  0.800253,
  0.590226,
  0.349143,
  0.834178,
  0.458611,
  0.398833,
  0.69666,
  0.844583,
  0.350515,
  0.524647,
  0.520446,
  0.759068,
  0.216648,
  0.0226138,
  0.0782817,
  0.509557,
  0.587194,
  0.88872,
  0.917522,
  0.014542,
  0.698749,
  0.83097,
  0.217069,
  0.726788,
  0.821913,
  0.471584,
  0.315544,
  0.394255,
  0.798884,
  0.239946,
  0.131736,
  0.751298,
  0.786716,
  0.32624,
  0.270338,
  0.483204,
  0.429391,
  0.45725,
  0.224122,
  0.214331,
  0.940692,
  0.928692,
  0.233135,
  0.458608,
  0.869865,
  0.282543,
  0.0421636,
  0.440868,
  0.643365,
  0.253162,
  0.0096122,
  0.44847,
  0.328522,
  0.122629,
  0.76412,
  0.904895,
  0.448744,
  0.42355,
  0.879651,
  0.670467,
  0.0949169,
  0.00670948,
  0.845452,
  0.170086,
  0.0239499,
  0.851269,
  0.944195,
  0.823838,
  0.912952,
  0.636848,
  0.519772,
  0.913557,
  0.446322,
  0.0196333,
  0.515637,
  0.456917,
  0.453058,
  0.758816,
  0.0952578,
  0.880336,
  0.882905,
  0.324947,
  0.618121,
  0.282963,
  0.0124673,
  0.388466,
  0.237954,
  0.866229,
  0.906234,
  0.634451,
  0.914181,
  0.666958,
  0.82248,
  0.67879,
  0.683346,
  0.076707,
  0.95031,
  0.471283,
  0.624113,
  0.75602,
  0.591635,
  0.46282,
  0.0676333,
  0.459502,
  0.660686,
  0.986607,
  0.254493,
  0.976077,
  0.163681,
  0.757526,
  0.820092,
  0.858541,
  0.142562,
  0.129071,
  0.202245,
  0.867485,
  0.419269,
  0.763875,
  0.307945,
  0.0868963,
  0.36079,
  0.671749,
  0.550655,
  0.48222,
  0.80026,
  0.148191,
  0.675137,
  0.266389,
  0.195711,
  0.00672087,
  0.623765,
  0.815312,
  0.0855544,
  0.63999,
  0.0664255,
  0.031521,
  0.908717,
  0.867443,
  0.115513,
  0.993182,
  0.297365,
  0.231439,
  0.178197,
  0.445372,
  0.0214452,
  0.38908,
  0.860067,
  0.191521,
  0.866816,
  0.513588,
  0.327402,
  0.725136,
  0.862519,
  0.166936,
  0.55973,
  0.505394,
  0.437797,
  0.934541,
  0.480033,
  0.124943,
  0.285735,
  0.223155,
  0.0368278,
  0.244192,
  0.937958,
  0.0147267,
  0.930538,
  0.573622,
  0.313598,
  0.041837,
  0.826002,
  0.374121,
  0.795772,
  0.804405,
  0.573578,
  0.915067,
  0.710131,
  0.0827389,
  0.173289,
  0.0808626,
  0.432551,
  0.118587,
  0.959541,
  0.848858,
  0.736834,
  0.433698,
  0.758419,
  0.675066,
  0.408338,
  0.334515,
  0.575211,
  0.918796,
  0.595726,
  0.511954,
  0.706708,
  0.313337,
  0.850575,
  0.786856,
  0.0410108,
  0.147004,
  0.313368,
  0.974507,
  0.70699,
  0.257373,
  0.0444474,
  0.0457719,
  0.1662,
  0.161255,
  0.0697619,
  0.247689,
  0.301954,
  0.643897,
  0.313825,
  0.613021,
  0.0534655,
  0.913185,
  0.226048,
  0.33608,
  0.667324,
  0.988052,
  0.571688,
  0.821241,
  0.694289,
  0.335035,
  0.5549,
  0.820949,
  0.446268,
  0.892918,
  0.168965,
  0.971575,
  0.746505,
  0.532594,
  0.42752,
  0.208363,
  0.455459,
  0.687791,
  0.920668,
  0.994804,
  0.435455,
  0.361991,
  0.961148,
  0.037115,
  0.329174,
  0.967897,
  0.438247,
  0.171118,
  0.770143,
  0.487987,
  0.380984,
  0.406646,
  0.417859,
  0.258189,
  0.147061,
  0.693719,
  0.515805,
  0.271444,
  0.100438,
  0.835098,
  0.507551,
  0.273883,
  0.617876,
  0.111372,
  0.614287,
  0.0835928,
  0.273603,
  0.607668,
  0.176563,
  0.500391,
  0.0912983,
  0.93509,
  0.993645,
  0.894795,
  0.823868,
  0.025411,
  0.855856,
  0.065312,
  0.324039,
  0.9441,
  0.95838,
  0.235425,
  0.20257,
  0.214648,
  0.90948,
  0.125124,
  0.135931,
  0.976235,
  0.601694,
  0.876542,
  0.381593,
  0.407144,
  0.301509,
  0.239252,
  0.28659,
  0.237931,
  0.931197,
  0.828006,
  0.833826,
  0.851203,
  0.665862,
  0.454147,
  0.560636,
  0.418964,
  0.649457,
  0.501697,
  0.505375,
  0.763841,
  0.84543,
  0.0700534,
  0.190383,
  0.147094,
  0.780798,
  0.137488,
  0.033444,
  0.984188,
  0.216907,
  0.313102,
  0.994886,
  0.56777,
  0.585761,
  0.839625,
  0.71379,
  0.238288,
  0.367732,
  0.385403,
  0.864276,
  0.0840535,
  0.454633,
  0.821188,
  0.971657,
  0.175432,
  0.941544,
  0.615774,
  0.468271,
  0.541913,
  0.721437,
  0.704269,
  0.340092,
  0.586205,
  0.718574,
  0.683786,
  0.317775,
  0.396053,
  0.589811,
  0.973529,
  0.199555,
  0.462383,
  0.247353,
  0.139755,
  0.558478,
  0.641422,
  0.612164,
  0.930802,
  0.782728,
  0.808846,
  0.594168,
  0.693359,
  0.125346,
  0.545568,
  0.413521,
  0.748381,
  0.198426,
  0.367663,
  0.0266552,
  0.993518,
  0.136929,
  0.466994,
  0.60147,
  0.468667,
  0.478518,
  0.664502,
  0.697942,
  0.872217,
  0.658377,
  0.294662,
  0.0536053,
  0.0478123,
  0.901764,
  0.0375246,
  0.647751,
  0.274893,
  0.212073,
  0.293812,
  0.0238847,
  0.791036,
  0.0984806,
  0.558916,
  0.686858,
  0.350081,
  0.6648,
  0.393248,
  0.759297,
  0.777251,
  0.689926,
  0.00921593,
  0.981322,
  0.420949,
  0.370331,
  0.199249,
  0.568254,
  0.12067,
  0.466326,
  0.314596,
  0.40289,
  0.811383,
  0.696366,
  0.271258,
  0.532109,
  0.167043,
  0.357446,
  0.10725,
  0.96198,
  0.74929,
  0.314705,
  0.444503,
  0.301207,
  0.972183,
  0.699598,
  0.319043,
  0.889655,
  0.819758,
  0.88358,
  0.234721,
  0.666879,
  0.660429,
  0.553013,
  0.968585,
  0.184982,
  0.690745,
  0.0010374,
  0.610117,
  0.85078,
  0.510719,
  0.0734699,
  0.551878,
  0.694201,
  0.0839432,
  0.558289,
  0.665741,
  0.702975,
  0.867913,
  0.192091,
  0.696702,
  0.0380917,
  0.213476,
  0.871927,
  0.985415,
  0.250195,
  0.227029,
  0.107208,
  0.990881,
  0.953954,
  0.165088,
  0.223925,
  0.726387,
  0.285648,
  0.0880513,
  0.342211,
  0.144602,
  0.868607,
  0.938484,
  0.688305,
  0.711848,
  0.941802,
  0.428958,
  0.373279,
  0.896931,
  0.768814,
  0.125463,
  0.373411,
  0.0664883,
  0.437553,
  0.894637,
  0.080906,
  0.326693,
  0.685536,
  0.446525,
  0.458663,
  0.180235,
  0.441167,
  0.0493333,
  0.52912,
  0.477857,
  0.358419,
  0.618578,
  0.654717,
  0.0353318,
  0.740419,
  0.290296,
  0.826312,
  0.4596,
  0.896932,
  0.276432,
  0.965937,
  0.18192,
  0.161323,
  0.270268,
  0.0715654,
  0.431193,
  0.50455,
  0.920709,
  0.884072,
  0.897271,
};

//float ref[] __attribute__ ((aligned (32))) = {
float ref[] = {
  5.89493,
  8.53633,
  8.21524,
  7.94098,
  7.66207,
  6.68317,
  8.51521,
  8.11916,
  7.76693,
  8.01516,
  6.4413,
  8.21089,
  6.78164,
  9.26222,
  7.76334,
  6.39798,
  6.95284,
  8.84271,
  8.38521,
  6.67791,
  7.65545,
  7.15544,
  6.8199,
  6.81961,
  7.2389,
  6.83472,
  9.65916,
  9.24604,
  7.40477,
  6.60726,
  6.29415,
  8.86487,
  8.15279,
  9.21011,
  8.35765,
  9.0774,
  9.49595,
  7.94621,
  10.0889,
  8.44354,
  9.18162,
  8.87801,
  6.70776,
  9.45907,
  6.60625,
  10.7284,
  8.59276,
  8.98312,
  8.19713,
  10.4426,
  9.41681,
  8.52305,
  9.06865,
  7.6949,
  7.95054,
  7.91165,
  8.14404,
  7.73104,
  10.6568,
  10.798,
  8.84831,
  8.32474,
  7.80379,
  9.89817,
  6.27053,
  6.92528,
  6.91001,
  7.26906,
  6.94755,
  6.58591,
  7.43863,
  6.36953,
  6.74975,
  7.01179,
  6.00725,
  7.23964,
  5.22712,
  7.64674,
  6.60618,
  6.10737,
  6.26956,
  7.44015,
  6.79218,
  7.47019,
  7.09418,
  6.2893,
  6.62677,
  6.46115,
  5.78936,
  5.82142,
  8.2802,
  8.06139,
  7.00005,
  6.02895,
  6.27847,
  7.35899,
  6.66216,
  8.59193,
  8.22755,
  7.68933,
  8.75218,
  8.33832,
  9.5493,
  8.0803,
  7.85882,
  8.26153,
  6.68264,
  8.49862,
  6.21039,
  9.90327,
  8.32516,
  7.52073,
  7.65944,
  9.21771,
  8.35338,
  8.14201,
  9.20207,
  7.37513,
  9.09154,
  7.0189,
  6.41202,
  7.35042,
  10.3105,
  9.20726,
  8.00198,
  7.71983,
  7.7471,
  9.07322,
  7.22098,
  8.7726,
  8.60732,
  8.71547,
  8.95277,
  6.79925,
  8.64395,
  8.82822,
  9.1887,
  8.98651,
  8.02874,
  9.18036,
  6.96619,
  10.1092,
  8.07133,
  7.54217,
  8.71464,
  9.30926,
  8.44561,
  8.47685,
  8.82008,
  7.91084,
  8.0877,
  7.32153,
  8.1641,
  7.26846,
  10.8076,
  10.504,
  8.98286,
  7.92475,
  7.65661,
  9.25124,
  6.84679,
  7.66488,
  7.25608,
  8.3913,
  8.23537,
  7.12105,
  9.21793,
  7.91408,
  8.43713,
  7.92965,
  7.14879,
  8.73897,
  6.47685,
  8.34225,
  8.11288,
  7.45209,
  8.07393,
  8.59401,
  8.45457,
  7.1003,
  8.50143,
  7.36885,
  8.12625,
  6.6825,
  6.67915,
  7.31376,
  9.68008,
  10.0788,
  8.60488,
  7.88021,
  7.33,
  8.21846,
  7.62883,
  8.10109,
  8.10954,
  7.87406,
  9.63204,
  7.46711,
  8.73093,
  8.0134,
  8.54402,
  7.78125,
  6.82608,
  9.05823,
  6.50333,
  10.106,
  9.2243,
  8.27813,
  8.07034,
  8.63225,
  9.01528,
  7.43759,
  8.66901,
  7.76502,
  8.76617,
  6.8614,
  7.11242,
  6.44163,
  10.3805,
  9.77337,
  8.41283,
  7.60497,
  7.31899,
  9.42662,
  5.95917,
  7.6849,
  7.53752,
  7.90323,
  9.2335,
  7.2665,
  8.20996,
  7.59321,
  8.43596,
  6.0656,
  6.1843,
  8.30148,
  5.68612,
  8.51755,
  7.54864,
  7.07756,
  7.1003,
  8.2173,
  7.87083,
  7.22717,
  7.25986,
  6.92113,
  7.09864,
  6.26356,
  7.31435,
  6.37096,
  8.97745,
  9.85735,
  8.64778,
  6.79473,
  7.14403,
  9.03904,
  5.76577,
  7.50584,
  6.70959,
  7.13504,
  7.87346,
  6.45296,
  7.61456,
  7.03967,
  7.32475,
  6.04984,
  5.47219,
  7.53664,
  5.85524,
  7.70502,
  8.04785,
  5.8103,
  6.12421,
  8.11214,
  7.62342,
  5.73234,
  6.88568,
  5.97925,
  6.53331,
  5.31623,
  5.9256,
  6.66347,
  8.05292,
  8.55991,
  7.27115,
  7.18757,
  6.48138,
  8.09104,
  6.28005,
  8.28881,
  8.96389,
  9.17291,
  8.64116,
  8.01379,
  8.67103,
  8.19307,
  8.31491,
  9.01272,
  8.00469,
  8.02894,
  7.13237,
  8.72024,
  7.8441,
  7.67379,
  7.30835,
  8.58132,
  8.80987,
  8.21702,
  9.30985,
  8.67443,
  8.17424,
  7.89745,
  7.33519,
  7.25695,
  10.3473,
  9.47115,
  8.70828,
  6.94358,
  8.41884,
  8.96133,
  6.48099,
  7.36228,
  7.80054,
  7.39702,
  8.20712,
  6.4515,
  8.43967,
  6.90102,
  7.6674,
  8.85045,
  6.89855,
  7.38843,
  5.99983,
  8.93044,
  7.09508,
  7.87757,
  7.78996,
  8.40065,
  8.03823,
  7.97717,
  9.0251,
  7.75727,
  8.36678,
  6.68545,
  6.31844,
  6.09746,
  9.83099,
  9.09728,
  7.68163,
  7.00621,
  7.03092,
  8.27978,
  7.04338,
  8.6104,
  8.08149,
  8.75386,
  8.86565,
  8.31996,
  9.65403,
  7.81934,
  8.53143,
  7.86085,
  7.64229,
  9.38861,
  6.7429,
  9.3827,
  8.58263,
  8.10764,
  7.90732,
  9.26845,
  8.56798,
  7.59851,
  8.90887,
  7.38733,
  7.9662,
  7.28243,
  7.57922,
  7.73903,
  10.7721,
  9.4639,
  9.13426,
  8.42864,
  8.27968,
  9.03032,
  6.88402,
  8.38186,
  7.33414,
  7.54276,
  7.98494,
  7.10763,
  8.5195,
  7.246,
  8.25837,
  7.21076,
  6.0906,
  8.74187,
  6.12572,
  9.30521,
  8.56172,
  6.90299,
  6.95303,
  8.33777,
  8.06978,
  7.40277,
  8.29713,
  6.31567,
  7.28984,
  6.50273,
  7.56694,
  7.29421,
  10.0801,
  8.62353,
  8.31383,
  7.49672,
  6.94846,
  8.85238,
  7.51154,
  8.30986,
  8.02242,
  8.18605,
  9.1744,
  6.74538,
  8.3209,
  7.4929,
  8.54687,
  8.41715,
  7.17342,
  8.89613,
  6.69159,
  9.64496,
  8.39706,
  7.97688,
  7.74413,
  8.9445,
  8.27753,
  7.56546,
  8.99879,
  7.62551,
  8.02929,
  6.05216,
  7.14448,
  7.98286,
  10.4477,
  9.73203,
  7.97576,
  7.95,
  7.48284,
  9.03762,
  6.43045,
  8.31719,
  7.89879,
  8.04811,
  8.07655,
  6.12219,
  9.25302,
  7.56559,
  8.9478,
  8.27811,
  7.06611,
  9.50956,
  6.95522,
  9.82936,
  8.47756,
  7.33053,
  7.97626,
  8.37738,
  8.11225,
  8.078,
  8.68772,
  7.98797,
  7.36209,
  6.42772,
  7.70716,
  7.78186,
  9.75716,
  10.0321,
  7.56811,
  7.10432,
  6.93533,
  9.1099,
  6.88816,
  6.76854,
  6.98385,
  7.64658,
  7.1777,
  6.45807,
  7.62821,
  6.09322,
  6.8299,
  7.58647,
  5.73234,
  7.45794,
  5.9937,
  7.77322,
  7.16469,
  6.8466,
  6.0727,
  7.99826,
  7.34281,
  6.4441,
  7.25873,
  6.24149,
  7.08484,
  6.25568,
  5.8145,
  6.51081,
  9.58404,
  8.0576,
  6.69495,
  7.04867,
  5.84995,
  7.41767,
  6.95416,
  7.47795,
  6.92464,
  7.82542,
  8.09831,
  6.97962,
  7.64099,
  7.2107,
  7.83541,
  8.24509,
  7.18277,
  8.17835,
  6.58638,
  9.14527,
  6.62867,
  7.18707,
  7.22752,
  8.52884,
  6.56292,
  6.48116,
  8.34839,
  7.53802,
  6.53268,
  5.76407,
  7.31275,
  7.18738,
  9.90162,
  9.6679,
  7.85905,
  6.34048,
  7.80571,
  8.46454,
  6.64608,
  9.15562,
  9.07872,
  9.89848,
  8.95839,
  8.3146,
  9.02758,
  8.41657,
  8.9309,
  10.0987,
  8.07675,
  8.61073,
  6.75044,
  9.90281,
  8.34291,
  7.72728,
  7.80315,
  9.50888,
  8.20744,
  8.44564,
  9.4184,
  8.71809,
  7.89268,
  7.84064,
  7.73541,
  7.14692,
  10.7568,
  10.3828,
  8.81687,
  7.4386,
  8.8229,
  8.74687,
  8.53887,
  10.1199,
  8.55366,
  9.53574,
  8.84734,
  8.27743,
  9.54253,
  9.34684,
  9.50932,
  9.97646,
  8.68059,
  10.3007,
  7.75733,
  11.0941,
  9.66027,
  8.76979,
  8.82056,
  10.1559,
  9.7715,
  8.35382,
  9.81376,
  8.66497,
  9.00284,
  8.08369,
  8.08354,
  7.4149,
  11.8491,
  11.2896,
  8.98099,
  9.60008,
  8.63655,
  10.9313,
  6.56163,
  8.38706,
  8.88168,
  8.6488,
  9.45122,
  7.86304,
  9.12409,
  9.6248,
  9.0841,
  8.99927,
  8.42356,
  8.98209,
  6.95753,
  9.56941,
  7.89903,
  8.18597,
  8.3284,
  9.09804,
  9.50093,
  8.72772,
  8.716,
  8.13919,
  9.52974,
  7.77745,
  7.02533,
  7.07403,
  11.0145,
  9.92036,
  8.93696,
  7.64625,
  7.47289,
  9.37879,
  6.16628,
  7.84223,
  7.36306,
  8.0965,
  7.01028,
  6.76165,
  7.65976,
  7.83088,
  7.80298,
  7.45326,
  6.56601,
  7.90081,
  5.41761,
  8.82083,
  7.76204,
  6.80066,
  7.0021,
  7.36451,
  7.47392,
  7.7657,
  6.98608,
  6.72312,
  6.60115,
  6.39422,
  7.21304,
  6.71896,
  8.17077,
  9.09875,
  6.68152,
  6.11994,
  6.15192,
  8.28491,
  7.0508,
  9.14122,
  7.71997,
  7.85265,
  8.81669,
  7.65931,
  8.65144,
  8.33401,
  7.89029,
  8.03907,
  7.17502,
  8.28336,
  6.20074,
  9.05375,
  7.74048,
  7.26988,
  7.40304,
  8.65075,
  7.99884,
  7.62878,
  8.1573,
  6.88996,
  7.60507,
  6.85162,
  6.54123,
  6.13424,
  9.51211,
  9.25821,
  8.47112,
  7.55829,
  7.65047,
  8.53884,
  6.62207,
  7.71519,
  7.23322,
  7.89316,
  6.94263,
  7.36932,
  7.87056,
  7.6953,
  7.61375,
  7.09886,
  7.63167,
  7.86867,
  5.48991,
  8.93648,
  6.95777,
  7.0629,
  7.80382,
  8.59359,
  7.05186,
  6.81847,
  7.71709,
  6.59835,
  6.88322,
  6.34465,
  6.54885,
  6.09464,
  8.37514,
  9.16257,
  9.02638,
  6.94946,
  7.70135,
  7.94686,
  6.94184,
  9.14827,
  8.45435,
  9.35031,
  9.6569,
  7.87069,
  10.5219,
  9.13444,
  9.44845,
  9.01248,
  7.52766,
  9.89761,
  6.80737,
  9.37999,
  8.19854,
  8.5587,
  8.93327,
  9.69566,
  8.98306,
  7.68201,
  8.73645,
  7.95033,
  8.36008,
  7.36755,
  7.78847,
  8.00714,
  11.1481,
  11.6352,
  8.52373,
  7.99674,
  8.13605,
  9.5552,
  6.26402,
  8.49457,
  7.6001,
  8.50373,
  8.57745,
  8.34988,
  9.0343,
  8.21498,
  8.15509,
  7.77626,
  6.55607,
  7.82984,
  6.2513,
  8.34882,
  7.43808,
  7.11671,
  7.54515,
  8.24964,
  8.48397,
  7.0791,
  8.24457,
  7.20979,
  7.45369,
  6.20789,
  6.92442,
  7.60597,
  9.75868,
  9.7063,
  8.50562,
  6.60892,
  7.87941,
  8.82611,
  5.79418,
  8.5173,
  9.03803,
  8.47534,
  9.09981,
  8.14933,
  9.22547,
  9.31398,
  8.26367,
  9.48215,
  7.55019,
  8.49321,
  6.63386,
  9.6313,
  8.26591,
  7.56056,
  8.06128,
  9.91704,
  8.43957,
  8.20301,
  9.15989,
  7.95053,
  8.35668,
  7.33726,
  6.68357,
  7.15449,
  10.5093,
  9.97421,
  8.55201,
  7.11282,
  7.58491,
  9.15522,
  5.92602,
  7.36152,
  6.74489,
  7.4418,
  7.0021,
  6.48551,
  7.84376,
  6.25531,
  6.97722,
  7.67688,
  5.75057,
  7.57449,
  5.62266,
  8.07972,
  5.43185,
  6.32518,
  6.158,
  7.90052,
  5.982,
  6.5197,
  7.44965,
  6.37299,
  5.93876,
  5.95159,
  5.96204,
  6.83896,
  8.97689,
  7.70625,
  6.66119,
  6.27227,
  7.95495,
  7.44911,
  6.45193,
  7.55995,
  7.1931,
  7.37626,
  7.53566,
  6.91648,
  7.1718,
  6.61102,
  6.5855,
  7.67057,
  6.17908,
  6.73875,
  5.41573,
  8.99318,
  6.16526,
  6.48359,
  6.36843,
  7.61664,
  7.43153,
  6.90085,
  7.05509,
  7.28106,
  7.18704,
  5.2909,
  6.39218,
  6.27349,
  8.91422,
  8.3447,
  6.93889,
  5.05471,
  6.59129,
  7.89711,
  7.35578,
  10.069,
  8.8616,
  8.82238,
  9.86312,
  8.35837,
  9.78545,
  9.4332,
  8.75226,
  9.0998,
  8.64322,
  9.72715,
  7.43457,
  10.1733,
  8.18991,
  7.9905,
  8.90371,
  9.3063,
  9.26075,
  8.20602,
  9.23079,
  8.62038,
  8.83252,
  7.20228,
  8.0111,
  8.0794,
  11.2652,
  11.1769,
  8.78231,
  7.84148,
  8.76273,
  9.97884,
  7.16818,
  7.69268,
  7.26644,
  8.39023,
  7.86783,
  7.59343,
  8.97978,
  7.08843,
  8.35843,
  8.31803,
  7.45535,
  7.72652,
  6.87006,
  8.38993,
  8.57205,
  8.55053,
  8.45684,
  8.86045,
  8.63358,
  7.23372,
  9.19445,
  7.35218,
  8.15715,
  7.37109,
  6.61193,
  6.24274,
  9.89159,
  10.2207,
  9.03879,
  8.45048,
  7.75009,
  7.93725,
  7.49625,
  9.14574,
  7.72138,
  8.36199,
  9.39567,
  7.12364,
  8.8574,
  8.38633,
  9.48286,
  8.43643,
  8.07357,
  9.84611,
  6.6297,
  10.1472,
  8.06981,
  8.42659,
  8.04689,
  8.26129,
  7.56267,
  8.03164,
  8.69667,
  7.42561,
  7.55555,
  8.16367,
  8.4834,
  6.36396,
  10.7195,
  10.164,
  8.38437,
  8.83113,
  8.14211,
  8.68083,
  6.79823,
  8.70667,
  8.79111,
  8.56299,
  9.5917,
  7.13604,
  9.43906,
  8.72086,
  9.33127,
  9.02562,
  7.82756,
  8.99035,
  7.34168,
  9.6181,
  7.59524,
  8.22364,
  8.96974,
  9.23576,
  8.69761,
  8.07806,
  9.2742,
  8.01852,
  8.50751,
  6.79928,
  7.54297,
  8.69247,
  11.1493,
  10.6887,
  7.71727,
  8.2562,
  7.5971,
  9.55425,
};

