
// input is generated by the following loop
//  for (i = 0; i < M; i++)
//    for (j = 0; j < N; j++)
//      data[i][j] = ((DATA_TYPE) i*j) / M;

// output is a two dimension array C[M][M],
// but we convert it into a one-dimension array C[M*M-1]

DATA_TYPE C_ref[NI*NJ] = {
0,
0,
0,
0,
0,
0,
0,
0,
0,
0,
0,
0,
0,
0,
0,
0,
0,
0,
0,
0,
0,
0,
0,
0,
0,
0,
0,
0,
0,
0,
0,
0,
0,
0,
0,
0,
0,
0,
0,
0,
0,
0,
0,
0,
0,
0,
0,
0,
0,
0,
0,
0,
0,
0,
0,
0,
0,
0,
0,
0,
0,
0,
0,
0,
0,
0,
0,
0,
1296480,
1620600,
2041956,
2398488,
2852256,
3176376,
3565320,
3889440,
4343208,
4667328,
5088684,
5445216,
5965931,
6225227,
6905879,
7618943,
8396831,
9207131,
10082255,
10989791,
12091799,
13096571,
14263403,
15527471,
16823951,
18217667,
19643795,
21426455,
0,
0,
0,
0,
0,
3046728,
3824616,
4505268,
5315568,
5963808,
6676872,
7294823,
8137535,
8883011,
9822959,
10795319,
11962151,
12610391,
13777223,
14911643,
16078475,
17310131,
18543910,
19840390,
21979582,
23859478,
26063494,
28526806,
31119766,
33583078,
36694630,
39935830,
0,
0,
0,
0,
0,
0,
5704512,
6741696,
8040299,
8947835,
10114667,
11151851,
12545567,
13647575,
14944055,
16305359,
18057730,
18932854,
20812750,
22595410,
24637366,
26614498,
28753690,
30990118,
33714849,
36048513,
39419361,
43017093,
46841709,
50828385,
55236417,
60130629,
0,
0,
0,
0,
0,
0,
0,
8688539,
10309139,
11508383,
13096571,
14360639,
16078475,
17506726,
19192150,
21072046,
23405710,
24669778,
26938618,
29142634,
31575657,
33909321,
36729165,
39970365,
43600509,
46841709,
50700860,
54590300,
59841044,
64962140,
70796300,
77149052,
0,
0,
0,
0,
0,
0,
34535,
34535,
81680363,
83203727,
85083623,
155549434,
157688626,
159471286,
161707714,
163944142,
235641609,
237132561,
240082053,
242999133,
246110685,
249254649,
321438296,
324971204,
329735768,
333884504,
338746304,
412907083,
418579183,
424899523,
432224635,
440165575,
0,
0,
0,
0,
0,
34535,
34535,
66947,
99359,
223450451,
294499678,
365190250,
367783210,
438797902,
510171249,
512699385,
585042969,
586955277,
590228889,
662315300,
734723708,
738613148,
811507736,
884793391,
890011723,
894938347,
969939715,
1045103143,
1120852110,
1127691042,
1136377458,
1145841762,
0,
0,
0,
0,
66947,
66947,
66947,
99359,
231130,
263542,
642118378,
713262718,
853932921,
925271733,
997161549,
1000337925,
1279731488,
1281838268,
1285922180,
1358687120,
1569594127,
1573840099,
1647674635,
1721865703,
1934685018,
1940195058,
2016233610,
2092596282,
-1987671803,
-1979439155,
-1969261787,
-1958144471,
0,
0,
0,
0,
66947,
66947,
66947,
99359,
231130,
263542,
425602,
1128851505,
1269778881,
1341506637,
1413655749,
1554812132,
1834462868,
1836991004,
1979087335,
2052111571,
-2031367425,
-2026375977,
-1814561434,
-1740175894,
-1526386342,
-1382377703,
-1305982619,
-1228453115,
-1012751255,
-865728300,
-854999928,
-842424072,
0,
0,
0,
0,
99359,
99359,
99359,
231130,
295954,
360778,
654609,
881493,
2030423697,
-1986025160,
-1844644016,
-1703068400,
-1216270449,
-1213547841,
-1070870217,
-928289829,
-509881198,
-504500806,
-292072558,
58692229,
272870725,
417719953,
701748432,
779634468,
1065540720,
1420194947,
1432349447,
1446448667,
0,
0,
0,
99359,
99359,
99359,
198718,
231130,
328366,
492549,
687021,
1075965,
1531856,
-744256616,
-602421704,
-185277141,
370653483,
373765035,
792044018,
934948526,
1353906038,
1566336409,
1985812513,
-1957808703,
-1536191284,
-1322174848,
-1037273368,
-682943261,
-396648065,
27916723,
247834266,
262516902,
0,
0,
0,
131771,
131771,
131771,
263542,
295954,
524961,
589785,
849081,
1369796,
1758740,
2406980,
1260071175,
1746283587,
-1647952106,
-1644613670,
-1156942718,
-738047907,
-249890775,
32158449,
727657268,
1079457116,
1914943363,
2129834923,
-1879064061,
-1179546154,
-823111390,
-397282534,
168114517,
184450165,
0,
0,
0,
164183,
164183,
328366,
328366,
393190,
654609,
719433,
1142912,
1531856,
2018036,
2895283,
3608347,
-67672634,
902094406,
905821786,
1737937185,
-2138040187,
-1167331076,
-885022556,
-188942444,
576598707,
1412374539,
1972229138,
-1898529902,
-1198171406,
-496481895,
-1356183,
909261080,
927055268,
0,
0,
0,
196595,
196595,
393190,
393190,
654609,
751845,
849081,
1337384,
1726328,
2409103,
3122167,
4226298,
5425542,
121205861,
125160125,
957694757,
1928014924,
-1396083324,
-700098325,
65181407,
1313175178,
-2076233250,
-1515635298,
-677426443,
92261321,
1276792396,
1773117352,
-1128261469,
-1108879093,
0,
0,
0,
229007,
229007,
458014,
458014,
751845,
849081,
1175324,
1467032,
2182219,
2668399,
3740118,
4647654,
6335201,
8182685,
238257241,
1759419348,
-1565165080,
-43063025,
721860175,
2038437738,
-939597586,
517485997,
1216094245,
-1758211576,
-918611128,
817410127,
1383777415,
-897073666,
-876167926,
0,
0,
261419,
261419,
522838,
522838,
784257,
849081,
1272560,
1369796,
1987747,
2506339,
3383586,
4258710,
5589725,
7048265,
9578524,
11166712,
56550699,
1165332807,
-918809846,
-84233258,
1921164129,
-918277483,
1296695896,
1996308916,
-288885373,
689665319,
-1180039542,
-543435450,
-2134915703,
-2112227303,
0,
0,
293831,
293831,
587662,
587662,
881493,
946317,
1402208,
1499444,
2149807,
2668399,
3578058,
4453182,
5816609,
7275149,
9837820,
11719839,
14766567,
-1230050634,
980674650,
-1859769611,
145560829,
-2073869512,
141069332,
1460790859,
-824373141,
774480530,
-1095258866,
161777853,
-1429704523,
-786356612,
0,
0,
326243,
326243,
652486,
652486,
978729,
1043553,
1531856,
1955335,
2311867,
3253938,
3869766,
5200781,
6270377,
8314456,
10909539,
12724611,
16518938,
19954610,
-1716063919,
-192699919,
-1586985564,
557392356,
-627058001,
1518488874,
-628081414,
1728499993,
66391869,
2081285972,
766472428,
2099158755,
0,
0,
358655,
358655,
717310,
717310,
1075965,
1499444,
1661504,
2149807,
2538751,
3513234,
4487717,
5492489,
7115212,
8833048,
11719839,
13893566,
17361650,
21577333,
26277073,
-1857829352,
1868580411,
-74701813,
-432840642,
1782065790,
462262921,
-581422120,
-2104677236,
736787691,
-439043197,
1720602898,
0,
0,
391067,
391067,
782134,
1173201,
1173201,
1661504,
2214631,
2344279,
3189114,
3804942,
4941485,
6402148,
7666216,
9969591,
12953618,
14995574,
19211257,
23068285,
28710096,
34157435,
-789124585,
-1768180098,
-1025250875,
1328119621,
1110097868,
135869620,
-285148489,
-775204158,
-1743274126,
1312045177,
0,
0,
423479,
423479,
846958,
1270437,
1270437,
1791152,
2376691,
2506339,
3383586,
4422893,
5168369,
6791092,
8478639,
10423359,
13666682,
16132117,
19989145,
24626184,
30300407,
35842859,
43623862,
-1674752411,
-724874691,
-1702277192,
-819360541,
-1586054753,
-974199658,
-362506623,
-1191593935,
-1329169104,
0,
0,
488303,
976606,
976606,
1464909,
1953212,
2050448,
2733223,
3351174,
3804942,
5071133,
6304912,
7504156,
9418587,
11884022,
15256993,
17525833,
22227696,
26961971,
32634071,
39053770,
47158893,
55618425,
234029868,
495089887,
1653733299,
-2099421234,
-249038795,
638575473,
1049378932,
-2144506541,
0,
0,
520715,
1041430,
1041430,
1562145,
2082860,
2700811,
2895283,
3578058,
4584953,
5362841,
6726268,
8478639,
10457894,
12629498,
16294177,
19083732,
23329704,
28485335,
34742974,
41259909,
49298085,
58958984,
69916363,
-1328468993,
1207394834,
-1376140267,
1919979432,
-1210996472,
439209455,
-1446333226,
0,
0,
585539,
1171078,
1756617,
1756617,
2342156,
3024931,
3837354,
3999414,
5135957,
6499384,
7960047,
9321351,
11527490,
14317045,
18143784,
20639508,
25827551,
31080418,
37856649,
44274225,
53481356,
63239491,
75071994,
86740314,
-603692419,
-1535155468,
-881898601,
489691651,
-502705958,
-804630731,
0,
0,
617951,
1235902,
1853853,
1853853,
2471804,
3186991,
4031826,
4811837,
5362841,
6855916,
8348991,
10328246,
11948846,
14997697,
18856848,
21970523,
27255802,
32247250,
39444837,
46512776,
55817143,
65540743,
77956662,
90437405,
105543520,
1425343035,
-2009548545,
945856210,
1398255913,
-1615245132,
0,
0,
682775,
1365550,
2048325,
2731100,
2731100,
3543523,
4453182,
5298017,
6531796,
7406920,
9062055,
11170958,
13474333,
16588008,
20771279,
23493887,
29168110,
34874745,
42266804,
49820923,
59025931,
70015722,
82626113,
95755096,
111833571,
129238815,
-1886620874,
-1437365135,
873538648,
-281361081,
0,
0,
715187,
1430374,
2145561,
2860748,
3575935,
3705583,
4680066,
5557313,
6823504,
8446227,
10133774,
11689550,
14187397,
17365896,
21646403,
25084198,
30823245,
36918824,
43984640,
52024939,
62074782,
73129397,
86420440,
100230075,
116306427,
135399218,
155853313,
-1758794336,
-1815607917,
-974317390,
0,
0,
780011,
1560022,
2340033,
3120044,
3900055,
4809714,
5849021,
6043493,
7471744,
9159291,
10944074,
13279861,
15874944,
19312739,
23917366,
26866858,
33027261,
39252488,
47227963,
55365498,
65966345,
77701612,
91705719,
105448407,
123115070,
142369921,
163958436,
187102727,
144369622,
-1175592775,
0,
0,
844835,
1689670,
2534505,
3379340,
4224175,
5198658,
6302789,
7342096,
8835171,
9839943,
11786786,
14219809,
16879716,
20414747,
25116610,
28910937,
35168576,
41782747,
50211990,
58835705,
69175133,
81558640,
95724807,
110441978,
128303113,
148400676,
170831903,
195110614,
223440825,
-1134998168,
0,
0,
909659,
1819318,
2728977,
3638636,
4548295,
5587602,
6756557,
7860688,
9418587,
11333018,
13344685,
15972180,
18858971,
22685710,
27711693,
30888069,
37599476,
44343295,
52934598,
61687961,
73034284,
85547439,
100426670,
115824493,
134495928,
155501027,
178937026,
204123273,
233749964,
267136447,
0,
0,
974483,
1948966,
2923449,
3897932,
4872415,
5976546,
7210325,
8379280,
10002003,
11981258,
14057749,
16750068,
19701683,
23593246,
28684053,
32834912,
39611143,
46743906,
55756565,
64996108,
76893435,
90022418,
105582301,
121725600,
141207335,
163152382,
187528329,
213784172,
244512871,
279260658
};
